1.000000000000000000e+00
1.500000000000000000e+00
1.833333333333333259e+00
2.083333333333333037e+00
2.283333333333333215e+00
2.449999999999999734e+00
2.592857142857142527e+00
2.717857142857142527e+00
2.828968253968253688e+00
2.928968253968253777e+00
3.019877344877344605e+00
3.103210678210678086e+00
3.180133755133755180e+00
3.251562326562326799e+00
3.318228993228993673e+00
3.380728993228993673e+00
3.439552522640758170e+00
3.495108078196313528e+00
3.547739657143682113e+00
3.597739657143681935e+00
3.645358704762729385e+00
3.690813250217274799e+00
3.734291511086840210e+00
3.775958177753506728e+00
3.815958177753506764e+00
3.854419716215045089e+00
3.891456753252082290e+00
3.927171038966367878e+00
3.961653797587057380e+00
3.994987130920390594e+00
4.027245195436520042e+00
4.058495195436520042e+00
4.088798225739550318e+00
4.118209990445432567e+00
4.146781419016861037e+00
4.174559196794638716e+00
4.201586223821665911e+00
4.227902013295349981e+00
4.253543038936375531e+00
4.278543038936375886e+00
4.302933282838814932e+00
4.326742806648338657e+00
4.349998620601827071e+00
4.372725893329099556e+00
4.394948115551321699e+00
4.416687245986103960e+00
4.437963841730784509e+00
4.458797175064117546e+00
4.479205338329423469e+00
4.499205338329423043e+00
4.518813181466677875e+00
4.538043950697447038e+00
4.556911875225749142e+00
4.575430393744267299e+00
4.593612211926085820e+00
4.611469354783229058e+00
4.629013214432351475e+00
4.646254593742696670e+00
4.663203746285069506e+00
4.679870412951736114e+00
4.696263855574686730e+00
4.712392887832751676e+00
4.728265903705767492e+00
4.743890903705767492e+00
4.759275519090382822e+00
4.774427034241898404e+00
4.789352407376227028e+00
4.804058289729168152e+00
4.818551043352356622e+00
4.832836757638070857e+00
4.846921264680324803e+00
4.860810153569214087e+00
4.874508783706199999e+00
4.888022297219713153e+00
4.901355630553046794e+00
4.914513525289889273e+00
4.927500538276902375e+00
4.940321051097415150e+00
4.952979278945516484e+00
4.965479278945516661e+00
4.977824957957862395e+00
4.990020079909081474e+00
5.002068272680165961e+00
5.013973034584927824e+00
5.025737740467280723e+00
5.037365647444024930e+00
5.048859900317587801e+00
5.060223536681224488e+00
5.071459491737404512e+00
5.082570602848515584e+00
5.093559613837526534e+00
5.104429179054918109e+00
5.115181867226961110e+00
5.125820165099301384e+00
5.136346480888774657e+00
5.146763147555441620e+00
5.157072425905957047e+00
5.167276507538610453e+00
5.177377517639620841e+00
5.187377517639620628e+00
5.197278507738630537e+00
5.207082429307257954e+00
5.216791167171336063e+00
5.226406551786721089e+00
5.235930361310530579e+00
5.245364323574681187e+00
5.254710117967204219e+00
5.263969377226463742e+00
5.273143689153068969e+00
5.282234598243977786e+00
5.291243607252987147e+00
5.300172178681558322e+00
5.309021736203682451e+00
5.317793666028244104e+00
5.326489318202157541e+00
5.335110007857330139e+00
5.343657016404338655e+00
5.352131592675525518e+00
5.360534954020063303e+00
5.368868287353397051e+00
5.377132750163314157e+00
5.385329471474789464e+00
5.393459552775602184e+00
5.401524068904634213e+00
5.409524068904634220e+00
5.417460576841142128e+00
5.425334592589173610e+00
5.433147092589173610e+00
5.440899030573669748e+00
5.448591338265977413e+00
5.456224926052237301e+00
5.463800683627995092e+00
5.471319480620476128e+00
5.478782167187640439e+00
5.486189574595047524e+00
5.493542515771518531e+00
5.500841785844511556e+00
5.508088162656105347e+00
5.515282407260421849e+00
5.522425264403278966e+00
5.529517462984839149e+00
5.536559716505966122e+00
5.543552723498972767e+00
5.550497167943417409e+00
5.557393719667555132e+00
5.564243034736048088e+00
5.571045755824483692e+00
5.577802512581240713e+00
5.584513921977213968e+00
5.591180588643880789e+00
5.597803105200171991e+00
5.604382052568593231e+00
5.610918000281011508e+00
5.617411506774518060e+00
5.623863119677744216e+00
5.630273376088000603e+00
5.636642802839593180e+00
5.642971916763643847e+00
5.649261224939744253e+00
5.655511224939743897e+00
5.661722405063967400e+00
5.667895244570139823e+00
5.674030213895293606e+00
5.680127774870903146e+00
5.686188380931509023e+00
5.692212477317051267e+00
5.698200501269147011e+00
5.704152882221528387e+00
5.710070041984842248e+00
5.715952394926018698e+00
5.721800348142393133e+00
5.727614301630764793e+00
5.733394648451573872e+00
5.739141774888355307e+00
5.744856060602640646e+00
5.750537878784458989e+00
5.756187596298583564e+00
5.761805573826673132e+00
5.767392166005444132e+00
5.772947721560999668e+00
5.778472583439453025e+00
5.783967088933958500e+00
5.789431569808275668e+00
5.794866352416971012e+00
5.800271757822376806e+00
5.805648101908398750e+00
5.810995695491286028e+00
5.816314844427456165e+00
5.821605849718461734e+00
5.826869007613198370e+00
5.832104609707439380e+00
5.837312943040772417e+00
5.842494290191031503e+00
5.847648929366289217e+00
5.852777134494494327e+00
5.857879175310820585e+00
5.862955317442800407e+00
5.868005822493305601e+00
5.873030948121446215e+00
5.878030948121446109e+00
5.883006072499555650e+00
5.887956567549060161e+00
5.892882675923444502e+00
5.897784636707758210e+00
5.902662685488246019e+00
5.907517054420284630e+00
5.912347972294680787e+00
5.917155664602373299e+00
5.921940353597588746e+00
5.926702258359493491e+00
5.931441594852384647e+00
5.936158575984459951e+00
5.940853411665210970e+00
5.945526308861472486e+00
5.950177471652169814e+00
5.954807101281799575e+00
5.959415396212675020e+00
5.964002552175977634e+00
5.968568762221639901e+00
5.973114216767094753e+00
5.977639103644922791e+00
5.982143608149427472e+00
5.986627913082163133e+00
5.991092198796448720e+00
5.995536643240892971e+00
5.999961422001955036e+00
6.004366708345567183e+00
6.008752673257848009e+00
6.013119485484922144e+00
6.017467311571878419e+00
6.021796315900882490e+00
6.026106660728468789e+00
6.030398506222031330e+00
6.034672010495535588e+00
6.038927329644471875e+00
6.043164617780065306e+00
6.047384027062765455e+00
6.051585707735034347e+00
6.055769808153444345e+00
6.059936474820110774e+00
6.064085852413471756e+00
6.068218083818430308e+00
6.072333310155879182e+00
6.076431670811617280e+00
6.080513303464678110e+00
6.084578344115084469e+00
6.088626927111035592e+00
6.092659185175551606e+00
6.096675249432579768e+00
6.100675249432579328e+00
6.104659313177599245e+00
6.108627567145853199e+00
6.112580136315814094e+00
6.116517144189829835e+00
6.120438712817280802e+00
6.124344962817280802e+00
6.128236013400938376e+00
6.132111982393186445e+00
6.135972986254190076e+00
6.139819140100343908e+00
6.143650557724864569e+00
6.147467351617994069e+00
6.151269632986815061e+00
6.155057511774693957e+00
6.158831096680354555e+00
6.162590495176595518e+00
6.166335813528655230e+00
6.170067156812237386e+00
6.173784628931196394e+00
6.177488332634900381e+00
6.181178369535269113e+00
6.184854840123504616e+00
6.188517843786508266e+00
6.192167478823004778e+00
6.195803842459368660e+00
6.199427030865165555e+00
6.203037139168414704e+00
6.206634261470573399e+00
6.210218490861254104e+00
6.213789919432683106e+00
6.217348638293892726e+00
6.220894737584672818e+00
6.224428306489266483e+00
6.227949433249829525e+00
6.231458205179653653e+00
6.234954708676156976e+00
6.238439029233648014e+00
6.241911251455870335e+00
6.245371459068326914e+00
6.248819734930395775e+00
6.252256161047234251e+00
6.255680818581480729e+00
6.259093787864757452e+00
6.262495148408975254e+00
6.265884978917449999e+00
6.269263357295828065e+00
6.272630360662831528e+00
6.275986065360817712e+00
6.279330546966169102e+00
6.282663880299502068e+00
6.285986139435714826e+00
6.289297397713860427e+00
6.292597727746863434e+00
6.295887201431074054e+00
6.299165889955664177e+00
6.302433863811873316e+00
6.305691192802100886e+00
6.308937946048853718e+00
6.312174192003546125e+00
6.315399998455158759e+00
6.318615432538759791e+00
6.321820560743888429e+00
6.325015448922802541e+00
6.328200162298598386e+00
6.331374765473201549e+00
6.334539322435226438e+00
6.337693896567718532e+00
6.340838550655768735e+00
6.343973346894013154e+00
6.347098346894012977e+00
6.350213611691520654e+00
6.353319201753632406e+00
6.356415176985830584e+00
6.359501596738916795e+00
6.362578519815840217e+00
6.365646004478416664e+00
6.368704108453951740e+00
6.371752888941756510e+00
6.374792402619568144e+00
6.377822705649871082e+00
6.380843853686124945e+00
6.383855901878895622e+00
6.386858904881898447e+00
6.389852916857946319e+00
6.392837991484811688e+00
6.395814181961002376e+00
6.398781541011447693e+00
6.401740120893104624e+00
6.404689973400479630e+00
6.407631149871067855e+00
6.410563701190715946e+00
6.413487677798903164e+00
6.416403129693946994e+00
6.419310106438133268e+00
6.422208657162770784e+00
6.425098830573175768e+00
6.427980674953579054e+00
6.430854238171970216e+00
6.433719567684864415e+00
6.436576710542007085e+00
6.439425713391010220e+00
6.442266622481919391e+00
6.445099483671721252e+00
6.447924342428783540e+00
6.450741243837234684e+00
6.453550232601279468e+00
6.456351353049458730e+00
6.459144649138844230e+00
6.461930164459178449e+00
6.464707942236956661e+00
6.467478025339449488e+00
6.470240456278675723e+00
6.472995277215314758e+00
6.475742529962567495e+00
6.478482255989964855e+00
6.481214496427122995e+00
6.483939292067449678e+00
6.486656683371797349e+00
6.489366710472068256e+00
6.492069413174770709e+00
6.494764830964528279e+00
6.497453003007539252e+00
6.500133968154992559e+00
6.502807764946436642e+00
6.505474431613103015e+00
6.508134006081188083e+00
6.510786525975087002e+00
6.513432028620589342e+00
6.516070551048030346e+00
6.518702129995398664e+00
6.521326801911409454e+00
6.523944602958529515e+00
6.526555569015970448e+00
6.529159735682637411e+00
6.531757138280039676e+00
6.534347811855169219e+00
6.536931791183334894e+00
6.539509110770963751e+00
6.542079804858367709e+00
6.544643907422470264e+00
6.547201452179503889e+00
6.549752472587667462e+00
6.552297001849754388e+00
6.554835072915744298e+00
6.557366718485364565e+00
6.559891971010617162e+00
6.562410862698274450e+00
6.564923425512344757e+00
6.567429691176505102e+00
6.569929691176505493e+00
6.572423456762540361e+00
6.574911018951595132e+00
6.577392408529759038e+00
6.579867656054511293e+00
6.582336791856980618e+00
6.584799846044172789e+00
6.587256848501175099e+00
6.589707828893332398e+00
6.592152816668393811e+00
6.594591841058637272e+00
6.597024931082968280e+00
6.599452115548987585e+00
6.601873423055041101e+00
6.604288881992238736e+00
6.606698520546455455e+00
6.609102366700301268e+00
6.611500448235073435e+00
6.613892792732681158e+00
6.616279427577549832e+00
6.618660379958502205e+00
6.621035676870616449e+00
6.623405345117062026e+00
6.625769411310915125e+00
6.628127901876952777e+00
6.630480843053423001e+00
6.632828260893798955e+00
6.635170181268506440e+00
6.637506629866637198e+00
6.639837632197639117e+00
6.642163213592987780e+00
6.644483399207836705e+00
6.646798214022651585e+00
6.649107682844822342e+00
6.651411830310260065e+00
6.653710680884972639e+00
6.656004258866624390e+00
6.658292588386075295e+00
6.660575693408905984e+00
6.662853597736924094e+00
6.665126325009651076e+00
6.667393898705796573e+00
6.669656342144710592e+00
6.671913678487825905e+00
6.674165930740078245e+00
6.676413121751314073e+00
6.678655274217681459e+00
6.680892410683005878e+00
6.683124553540149115e+00
6.685351725032353976e+00
6.687573947254576545e+00
6.689791242154798034e+00
6.692003631535328623e+00
6.694211137054092653e+00
6.696413780225898726e+00
6.698611582423700916e+00
6.700804564879841330e+00
6.702992748687281122e+00
6.705176154800818189e+00
6.707354804038290652e+00
6.709528717081768789e+00
6.711697914478731875e+00
6.713862416643234354e+00
6.716022243857056928e+00
6.718177416270849633e+00
6.720327953905258056e+00
6.722473876652038882e+00
6.724615204275164793e+00
6.726751956411916922e+00
6.728884152573963995e+00
6.731011812148431694e+00
6.733134954398962257e+00
6.735253598466758973e+00
6.737367763371621798e+00
6.739477468012972317e+00
6.741582731170867149e+00
6.743683571507001595e+00
6.745780007565701730e+00
6.747872057774906729e+00
6.749959740447140533e+00
6.752043073780473748e+00
6.754122075859475771e+00
6.756196764656156262e+00
6.758267158030897725e+00
6.760333273733377446e+00
6.762395129403480531e+00
6.764452742572204968e+00
6.766506130662554241e+00
6.768555310990422846e+00
6.770600300765473811e+00
6.772641117092004670e+00
6.774677776969805443e+00
6.776710297295008623e+00
6.778738694860931169e+00
6.780762986358906730e+00
6.782783188379108985e+00
6.784799317411366992e+00
6.786811389845974318e+00
6.788819421974488399e+00
6.790823429990520133e+00
6.792823429990519912e+00
6.794819437974552123e+00
6.796811469847062526e+00
6.798799541417639425e+00
6.800783668401766846e+00
6.802763866421568828e+00
6.804740151006549276e+00
6.806712537594320267e+00
6.808681041531328582e+00
6.810645678073568021e+00
6.812606462387293504e+00
6.814563409549720063e+00
6.816516534549720063e+00
6.818465852288511542e+00
6.820411377580340329e+00
6.822353125153155950e+00
6.824291109649279541e+00
6.826225345626069085e+00
6.828155847556571345e+00
6.830082629830174668e+00
6.832005706753252028e+00
6.833925092549796965e+00
6.835840801362057739e+00
6.837752847251159061e+00
6.839661244197723811e+00
6.841566006102485886e+00
6.843467146786896826e+00
6.845364679993727997e+00
6.847258619387667444e+00
6.849148978555909650e+00
6.851035771008739950e+00
6.852919010180114512e+00
6.854798709428234993e+00
6.856674882036115193e+00
6.858547541212145049e+00
6.860416700090649300e+00
6.862282371732439934e+00
6.864144569125363304e+00
6.866003305184842809e+00
6.867858592754416236e+00
6.869710444606267785e+00
6.871558873441757420e+00
6.873403891891942230e+00
6.875245512518093349e+00
6.877083747812211101e+00
6.878918610197532146e+00
6.880750112029033971e+00
6.882578265593933153e+00
6.884403083112180965e+00
6.886224576736953651e+00
6.888042758555135592e+00
6.889857640587803367e+00
6.891669234790701815e+00
6.893477553054716545e+00
6.895282607206341119e+00
6.897084409008143346e+00
6.898882970159222694e+00
6.900678302295667699e+00
6.902470416991008051e+00
6.904259325756661347e+00
6.906045040042375405e+00
6.907827571236671460e+00
6.909606930667276714e+00
6.911383129601557762e+00
6.913156179246947808e+00
6.914926090751372989e+00
6.916692875203669821e+00
6.918456543634005307e+00
6.920217107014287272e+00
6.921974576258575595e+00
6.923728962223488104e+00
6.925480275708602029e+00
6.927228527456853691e+00
6.928973728154933731e+00
6.930715888433679694e+00
6.932455018868462382e+00
6.934191129979573098e+00
6.935924232232606457e+00
6.937654336038835190e+00
6.939381451755588515e+00
6.941105589686623389e+00
6.942826760082492221e+00
6.944544973140911459e+00
6.946260239007120418e+00
6.947972567774243657e+00
6.949681969483645361e+00
6.951388454125283722e+00
6.953092031638060888e+00
6.954792711910169345e+00
6.956490504779439199e+00
6.958185420033676571e+00
6.959877467411002883e+00
6.961566656600192360e+00
6.963252997241001552e+00
6.964936498924503283e+00
6.966617171193410840e+00
6.968295023542403932e+00
6.969970065418451100e+00
6.971642306221126795e+00
6.973311755302930237e+00
6.974978421969597164e+00
6.976642315480412471e+00
6.978303445048518405e+00
6.979961819841221882e+00
6.981617448980294682e+00
6.983270341542278103e+00
6.984920506558779607e+00
6.986567953016769472e+00
6.988212689858874782e+00
6.989854725983669859e+00
6.991494070245964920e+00
6.993130731457093852e+00
6.994764718385198421e+00
6.996396039755508056e+00
6.998024704250622285e+00
6.999650720510785185e+00
7.001274097134161600e+00
7.002894842677111598e+00
7.004512965654457801e+00
7.006128474539756290e+00
7.007741377765563051e+00
7.009351683723695103e+00
7.010959400765496063e+00
7.012564537202092829e+00
7.014167101304656704e+00
7.015767101304656528e+00
7.017364545394113584e+00
7.018959441725852066e+00
7.020551798413750433e+00
7.022141623532987431e+00
7.023728925120289013e+00
7.025313711174171694e+00
7.026895989655184138e+00
7.028475768486147857e+00
7.030053055552394348e+00
7.031627858702000466e+00
7.033200185746025568e+00
7.034770044458741545e+00
7.036337442577863754e+00
7.037902387804781057e+00
7.039464887804781412e+00
7.041024950207277477e+00
7.042582582606031316e+00
7.044137792559374667e+00
7.045690587590430987e+00
7.047240975187330392e+00
7.048788962803429037e+00
7.050334557857524942e+00
7.051877767734068492e+00
7.053418599783374709e+00
7.054957061321836420e+00
7.056493159632128531e+00
7.058026901963416755e+00
7.059558295531563665e+00
7.061087347519331203e+00
7.062614065076583181e+00
7.064138455320486010e+00
7.065660525335706765e+00
7.067180282174612138e+00
7.068697732857464722e+00
7.070212884372616635e+00
7.071725743676701370e+00
7.073236317694828301e+00
7.074744613320770981e+00
7.076250637417156319e+00
7.077754396815652882e+00
7.079255898317154738e+00
7.080755148691967094e+00
7.082252154679991030e+00
7.083746922990902917e+00
7.085239460304335601e+00
7.086729773270058708e+00
7.088217868508153607e+00
7.089703752609193721e+00
7.091187432134415936e+00
7.092668913615897353e+00
7.094148203556725818e+00
7.095625308431172229e+00
7.097100234684859288e+00
7.098572988734932920e+00
7.100043576970227477e+00
7.101512005751431822e+00
7.102978281411256312e+00
7.104442410254594442e+00
7.105904398558688051e+00
7.107364252573286301e+00
7.108821978520808216e+00
7.110277582596499890e+00
7.111731070968592583e+00
7.113182449778461702e+00
7.114631725140780460e+00
7.116078903143674417e+00
7.117523989848876909e+00
7.118966991291878266e+00
7.120407913482080353e+00
7.121846762402944009e+00
7.123283544012139146e+00
7.124718264241693966e+00
7.126150928998140621e+00
7.127581544162661764e+00
7.129010115591233543e+00
7.130436649114771264e+00
7.131861150539272387e+00
7.133283625645957748e+00
7.134704080191411890e+00
7.136122519907724282e+00
7.137538950502625212e+00
7.138953377659627009e+00
7.140365807038158152e+00
7.141776244273700947e+00
7.143184694977926519e+00
7.144591164738826272e+00
7.145995659120848664e+00
7.147398183665027993e+00
7.148798743889117624e+00
7.150197345287718775e+00
7.151593993332411081e+00
7.152988693471881376e+00
7.154381451132048930e+00
7.155772271716193345e+00
7.157161160605082451e+00
7.158548123157093990e+00
7.159933164708340847e+00
7.161316290572794507e+00
7.162697506042407625e+00
7.164076816387234814e+00
7.165454226855554332e+00
7.166829742673986203e+00
7.168203369047613016e+00
7.169575111160096270e+00
7.170944974173794506e+00
7.172312963229882321e+00
7.173679083448461391e+00
7.175043339928679487e+00
7.176405737748843272e+00
7.177766281966530215e+00
7.179124977618704051e+00
7.180481829721824916e+00
7.181836843271960369e+00
7.183190023244896416e+00
7.184541374596247643e+00
7.185890902261564683e+00
7.187238611156443469e+00
7.188584506176631805e+00
7.189928592198136847e+00
7.191270874077331676e+00
7.192611356651058330e+00
7.193950044736734384e+00
7.195286943132455981e+00
7.196622056617101748e+00
7.197955389950434935e+00
7.199286947873204667e+00
7.200616735107247202e+00
7.201944756355587174e+00
7.203271016302537078e+00
7.204595519613794963e+00
7.205918270936546577e+00
7.207239274899558623e+00
7.208558536113279125e+00
7.209876059169932461e+00
7.211191848643617064e+00
7.212505909090397793e+00
7.213818245048402744e+00
7.215128861037917396e+00
7.216437761561477870e+00
7.217744951103961526e+00
7.219050434132681993e+00
7.220354215097479766e+00
7.221656298430812804e+00
7.222956688547848003e+00
7.224255389846549136e+00
7.225552406707768327e+00
7.226847743495333098e+00
7.228141404556135186e+00
7.229433394220217579e+00
7.230723716800862455e+00
7.232012376594677328e+00
7.233299377881678538e+00
7.234584724925380073e+00
7.235868421972877051e+00
7.237150473254928329e+00
7.238430882986042647e+00
7.239709655364559460e+00
7.240986794572733309e+00
7.242262304776814652e+00
7.243536190127133345e+00
7.244808454758176808e+00
7.246079102788672621e+00
7.247348138321667577e+00
7.248615565444607611e+00
7.249881388229417745e+00
7.251145610732578461e+00
7.252408236995204760e+00
7.253669271043124311e+00
7.254928716886952955e+00
7.256186578522172859e+00
7.257442859929208012e+00
7.258697565073498836e+00
7.259950697905579453e+00
7.261202262361148740e+00
7.262452262361148492e+00
7.263700701811835359e+00
7.264947584604852793e+00
7.266192914617305654e+00
7.267436695711833039e+00
7.268678931736677562e+00
7.269919626525759071e+00
7.271158783898745703e+00
7.272396407661122275e+00
7.273632501604262224e+00
7.274867069505496886e+00
7.276100115128184775e+00
7.277331642221780861e+00
7.278561654521904067e+00
7.279790155750405667e+00
7.281017149615436779e+00
7.282242639811514984e+00
7.283466630019593602e+00
7.284689123907123864e+00
7.285910125128125081e+00
7.287129637323246811e+00
7.288347664119836367e+00
7.289564209132001871e+00
7.290779275960677097e+00
7.291992868193687194e+00
7.293204989405808192e+00
7.294415643158834506e+00
7.295624833001640219e+00
7.296832562470239480e+00
7.298038835087851339e+00
7.299243654364960143e+00
7.300447023799376822e+00
7.301648946876300172e+00
7.302849427068377253e+00
7.304048467835763780e+00
7.305246072626182752e+00
7.306442244874986613e+00
7.307636988005213219e+00
7.308830305427648000e+00
7.310022200540878146e+00
7.311212676731354776e+00
7.312401737373447119e+00
7.313589385829503797e+00
7.314775625449907004e+00
7.315960459573129349e+00
7.317143891525792476e+00
7.318325924622719469e+00
7.319506562166993469e+00
7.320685807450012739e+00
7.321863663751543960e+00
7.323040134339779073e+00
7.324215222471388564e+00
7.325388931391576541e+00
7.326561264334132240e+00
7.327732224521485982e+00
7.328901815164760691e+00
7.330070039463826070e+00
7.331236900607350115e+00
7.332402401772851519e+00
7.333566546126751184e+00
7.334729336824425516e+00
7.335890777010256159e+00
7.337050869817680621e+00
7.338209618369244680e+00
7.339367025776652120e+00
7.340523095140813581e+00
7.341677829551898959e+00
7.342831232089384486e+00
7.343983305822103347e+00
7.345134053808294539e+00
7.346283479095650826e+00
7.347431584721368480e+00
7.348578373712194356e+00
7.349723849084473848e+00
7.350868013844198856e+00
7.352010870987055746e+00
7.353152423498471535e+00
7.354292674353660075e+00
7.355431626517669130e+00
7.356569282945428334e+00
7.357705646581791825e+00
7.358840720361587096e+00
7.359974507209659400e+00
7.361107010040916165e+00
7.362238231760373175e+00
7.363368175263198090e+00
7.364496843434755746e+00
7.365624239150651675e+00
7.366750365276777401e+00
7.367875224669353074e+00
7.368998820174970987e+00
7.370121154630639104e+00
7.371242230863822797e+00
7.372362051692490148e+00
7.373480619925151913e+00
7.374597938360905935e+00
7.375714009789477110e+00
7.376828836991260907e+00
7.377942422737363337e+00
7.379054769789643586e+00
7.380165880900754871e+00
7.381275758814184407e+00
7.382384406264295151e+00
7.383491825976365774e+00
7.384598020666631513e+00
7.385702993042322362e+00
7.386806745801703933e+00
7.387909281634118308e+00
7.389010603220021345e+00
7.390110713231022643e+00
7.391209614329923738e+00
7.392307309170758067e+00
7.393403800398828274e+00
7.394499090650745288e+00
7.395593182554465628e+00
7.396686078729328706e+00
7.397777781786097684e+00
7.398868294326992334e+00
7.399957618945729010e+00
7.401045758227557059e+00
7.402132714749296127e+00
7.403218491079371688e+00
7.404303089777853231e+00
7.405386513396488013e+00
7.406468764478739253e+00
7.407549845559820767e+00
7.408629759166732498e+00
7.409708507818296930e+00
7.410786094025193727e+00
7.411862520289994372e+00
7.412937789107198583e+00
7.414011902963267175e+00
7.415084864336657589e+00
7.416156675697857636e+00
7.417227339509421036e+00
7.418296858225998491e+00
7.419365234294375000e+00
7.420432470153500049e+00
7.421498568234523141e+00
7.422563530960827549e+00
7.423627360748061399e+00
7.424690060004172310e+00
7.425751631129437591e+00
7.426812076516499772e+00
7.427871398550397686e+00
7.428929599608598444e+00
7.429986682061029413e+00
7.431042648270111073e+00
7.432097500590786332e+00
7.433151241370554274e+00
7.434203872949501246e+00
7.435255397660331944e+00
7.436305817828399611e+00
7.437355135771736236e+00
7.438403353801086304e+00
7.439450474219934328e+00
7.440496499324536828e+00
7.441541431403951634e+00
7.442585272740068980e+00
7.443628025607639032e+00
7.444669692274305639e+00
7.445710275000632095e+00
7.446749776040133106e+00
7.447788197639302332e+00
7.448825542037642577e+00
7.449861811467694217e+00
7.450897008155064505e+00
7.451931134318455996e+00
7.452964192169695856e+00
7.453996183913761620e+00
7.455027111748813162e+00
7.456056977866217572e+00
7.457085784450579347e+00
7.458113533679767038e+00
7.459140227724941674e+00
7.460165868750582518e+00
7.461190458914517265e+00
7.462214000367946021e+00
7.463236495255471503e+00
7.464257945715123910e+00
7.465278353878389339e+00
7.466297721870234660e+00
7.467316051809135047e+00
7.468333345807100621e+00
7.469349605969702210e+00
7.470364834396097997e+00
7.471379033179059270e+00
7.472392204404996185e+00
7.473404350153984410e+00
7.474415472499788216e+00
7.475425573509888899e+00
7.476434655245509653e+00
7.477442719761638656e+00
7.478449769107056611e+00
7.479455805324360718e+00
7.480460830449988663e+00
7.481464846514245259e+00
7.482467855541326429e+00
7.483469859549342296e+00
7.484470860550342941e+00
7.485470860550343275e+00
7.486469861549344351e+00
7.487467865541360013e+00
7.488464874514440872e+00
7.489460890450695629e+00
7.490455915326317715e+00
7.491449951111605721e+00
7.492442999770990042e+00
7.493435063263053308e+00
7.494426143540556140e+00
7.495416242550456687e+00
7.496405362233938163e+00
7.497393504526428387e+00
7.498380671357622873e+00
7.499366864651508813e+00
7.500352086326385503e+00
7.501336338294889217e+00
7.502319622464014515e+00
7.503301940735134679e+00
7.504283295004025689e+00
7.505263687160888431e+00
7.506243119090369120e+00
7.507221592671582400e+00
7.508199109778131763e+00
7.509175672278131763e+00
7.510151282034229325e+00
7.511125940903625064e+00
7.512099650738094603e+00
7.513072413384008996e+00
7.514044230682356940e+00
7.515015104468764306e+00
7.515985036573517242e+00
7.516954028821579037e+00
7.517922083032614999e+00
7.518889201021009328e+00
7.519855384595888204e+00
7.520820635561139333e+00
7.521784955715430598e+00
7.522748346852232260e+00
7.523710810759835610e+00
7.524672349221374290e+00
7.525632964014842052e+00
7.526592656913114965e+00
7.527551429683968287e+00
7.528509284090098674e+00
7.529466221889141941e+00
7.530422244833692602e+00
7.531377354671324298e+00
7.532331553144606673e+00
7.533284841991127578e+00
7.534237222943508172e+00
7.535188697729426011e+00
7.536139268071631037e+00
7.537088935687965119e+00
7.538037702291380704e+00
7.538985569589958580e+00
7.539932539286928304e+00
7.540878613080684190e+00
7.541823792664804849e+00
7.542768079728071839e+00
7.543711475954486545e+00
7.544653983023289712e+00
7.545595602608977437e+00
7.546536336381319821e+00
7.547476186005379617e+00
7.548415153141529998e+00
7.549353239445469654e+00
7.550290446568244107e+00
7.551226776156259035e+00
7.552162229851300701e+00
7.553096809290552827e+00
7.554030516106612581e+00
7.554963351927508342e+00
7.555895318376716574e+00
7.556826417073178703e+00
7.557756649631317991e+00
7.558686017661058187e+00
7.559614522767835965e+00
7.560542166552622234e+00
7.561468950611936357e+00
7.562394876537862132e+00
7.563319945918065557e+00
7.564244160335810818e+00
7.565167521369975390e+00
7.566090030595067795e+00
7.567011689581242706e+00
7.567932499894317822e+00
7.568852463095789851e+00
7.569771580742848727e+00
7.570689854388395368e+00
7.571607285581055891e+00
7.572523875865198484e+00
7.573439626780949396e+00
7.574354539864206259e+00
7.575268616646655850e+00
7.576181858655788304e+00
7.577094267414912210e+00
7.578005844443171490e+00
7.578916591255557833e+00
7.579826509362928455e+00
7.580735600272019425e+00
7.581643865485461653e+00
7.582551306501795985e+00
7.583457924815485640e+00
7.584363721916934864e+00
7.585268699292500472e+00
7.586172858424507837e+00
7.587076200791265101e+00
7.587978727867077389e+00
7.588880441122261900e+00
7.589781342023163013e+00
7.590681432032163833e+00
7.591580712607703063e+00
7.592479185204289216e+00
7.593376851272512162e+00
7.594273712259059117e+00
7.595169769606729737e+00
7.596065024754446782e+00
7.596959479137272986e+00
7.597853134186424384e+00
7.598745991329281857e+00
7.599638051989407117e+00
7.600529317586555145e+00
7.601419789536688398e+00
7.602309469251991025e+00
7.603198358140879520e+00
7.604086457608019600e+00
7.604973769054336863e+00
7.605860293877031886e+00
7.606746033469591772e+00
7.607630989221804363e+00
7.608515162519770669e+00
7.609398554745919085e+00
7.610281167279016934e+00
7.611163001494184677e+00
7.612044058762907461e+00
7.612924340453048444e+00
7.613803847928862112e+00
7.614682582551005829e+00
7.615560545676554938e+00
7.616437738659010748e+00
7.617314162848318304e+00
7.618189819590875267e+00
7.619064710229545234e+00
7.619938836103671065e+00
7.620812198549085537e+00
7.621684798898125557e+00
7.622556638479642821e+00
7.623427718619015359e+00
7.624298040638162632e+00
7.625167605855553532e+00
7.626036415586222361e+00
7.626904471141777719e+00
7.627771773830415825e+00
7.628638324956932060e+00
7.629504125822732519e+00
7.630369177725846441e+00
7.631233481960936871e+00
7.632097039819313089e+00
7.632959852588942162e+00
7.633821921554459600e+00
7.634683247997181788e+00
7.635543833195116648e+00
7.636403678422976071e+00
7.637262784952185690e+00
7.638121154050898198e+00
7.638978786984003122e+00
7.639835685013137478e+00
7.640691849396699098e+00
7.641547281389855506e+00
7.642401982244556358e+00
7.643255953209543208e+00
7.644109195530361944e+00
7.644961710449373449e+00
7.645813499205761588e+00
7.646664563035549200e+00
7.647514903171603429e+00
7.648364520843650816e+00
7.649213417278286187e+00
7.650061593698981532e+00
7.650909051326100219e+00
7.651755791376904980e+00
7.652601815065568580e+00
7.653447123603184465e+00
7.654291718197779204e+00
7.655135600054319589e+00
7.655978770374724185e+00
7.656821230357874875e+00
7.657662981199625740e+00
7.658504024092813722e+00
7.659344360227267501e+00
7.660183990789819930e+00
7.661022916964316920e+00
7.661861139931626319e+00
7.662698660869649459e+00
7.663535480953331813e+00
7.664371601354669217e+00
7.665207023242722961e+00
7.666041747783624238e+00
7.666875776140588350e+00
7.667709109473921814e+00
7.668541748941032132e+00
7.669373695696440230e+00
7.670204950891784890e+00
7.671035515675837857e+00
7.671865391194510053e+00
7.672694578590861347e+00
7.673523079005111214e+00
7.674350893574647614e+00
7.675178023434035879e+00
7.676004469715027589e+00
7.676830233546572124e+00
7.677655316054822876e+00
7.678479718363149686e+00
7.679303441592145063e+00
7.680126486859634838e+00
7.680948855280687049e+00
7.681770547967621710e+00
7.682591566030018804e+00
7.683411910574727166e+00
7.684231582705875141e+00
7.685050583524875911e+00
7.685868914130440821e+00
7.686686575618584705e+00
7.687503569082637433e+00
7.688319895613249244e+00
7.689135556298404062e+00
7.689950552223424829e+00
7.690764884470981499e+00
7.691578554121103473e+00
7.692391562251184922e+00
7.693203909935993678e+00
7.694015598247681886e+00
7.694826628255792222e+00
7.695637001027266777e+00
7.696446717626456824e+00
7.697255779115129926e+00
7.698064186552477928e+00
7.698871940995127616e+00
7.699679043497145159e+00
7.700485495110048539e+00
7.701291296882811999e+00
7.702096449861877581e+00
7.702900955091161350e+00
7.703704813612061386e+00
7.704508026463466663e+00
7.705310594681765046e+00
7.706112519300851282e+00
7.706913801352133220e+00
7.707714441864543353e+00
7.708514441864543265e+00
7.709313802376134284e+00
7.710112524420862812e+00
7.710910609017830097e+00
7.711708057183699339e+00
7.712504869932703677e+00
7.713301048276652416e+00
7.714096593224941678e+00
7.714891505784559733e+00
7.715685786960095882e+00
7.716479437753746673e+00
7.717272459165324783e+00
7.718064852192266123e+00
7.718856617829637834e+00
7.719647757070144500e+00
7.720438270904137035e+00
7.721228160319618894e+00
7.722017426302254961e+00
7.722806069835377762e+00
7.723594091899995462e+00
7.724381493474798965e+00
7.725168275536168139e+00
7.725954439058180689e+00
7.726739985012619272e+00
7.727524914368976816e+00
7.728309228094467187e+00
7.729092927154028736e+00
7.729876012510332295e+00
7.730658485123790946e+00
7.731440345952563575e+00
7.732221595952563753e+00
7.733002236077465952e+00
7.733782267278714428e+00
7.734561690505526776e+00
7.735340506704903696e+00
7.736118716821635211e+00
7.736896321798306886e+00
7.737673322575307822e+00
7.738449720090835982e+00
7.739225515280906187e+00
7.740000709079355445e+00
7.740775302417852721e+00
7.741549296225902488e+00
7.742322691430851833e+00
7.743095488957899342e+00
7.743867689730100423e+00
7.744639294668371754e+00
7.745410304691501935e+00
7.746180720716155044e+00
7.746950543656878629e+00
7.747719774426109041e+00
7.748488413934179420e+00
7.749256463089325031e+00
7.750023922797690368e+00
7.750790793963334480e+00
7.751557077488238967e+00
7.752322774272312422e+00
7.753087885213399311e+00
7.753852411207283524e+00
7.754616353147696373e+00
7.755379711926321917e+00
7.756142488432805848e+00
7.756904683554757263e+00
7.757666298177758435e+00
7.758427333185368369e+00
7.759187789459132567e+00
7.759947667878585698e+00
7.760706969321258697e+00
7.761465694662684989e+00
7.762223844776407589e+00
7.762981420533983545e+00
7.763738422804990158e+00
7.764494852457032081e+00
7.765250710355747543e+00
7.766005997364811009e+00
7.766760714345942951e+00
7.767514862158914291e+00
7.768268441661551726e+00
7.769021453709744840e+00
7.769773899157449648e+00
7.770525778856697485e+00
7.771277093657599444e+00
7.772027844408349928e+00
7.772778031955236422e+00
7.773527657142643044e+00
7.774276720813054986e+00
7.775025223807067398e+00
7.775773166963387162e+00
7.776520551118842661e+00
7.777267377108387336e+00
7.778013645765104123e+00
7.778759357920212558e+00
7.779504514403074111e+00
7.780249116041197510e+00
7.780993163660244960e+00
7.781736658084036584e+00
7.782479600134556641e+00
7.783221990631957965e+00
7.783963830394569072e+00
7.784705120238898601e+00
7.785445860979639754e+00
7.786186053429676512e+00
7.786925698400090745e+00
7.787664796700164871e+00
7.788403349137388076e+00
7.789141356517461645e+00
7.789878819644305175e+00
7.790615739320060129e+00
7.791352116345096945e+00
7.792087951518018585e+00
7.792823245635665863e+00
7.793557999493123667e+00
7.794292213883725395e+00
7.795025889599059177e+00
7.795759027428971422e+00
7.796491628161572152e+00
7.797223692583241217e+00
7.797955221478632737e+00
7.798686215630679541e+00
7.799416675820599387e+00
7.800146602827898512e+00
7.800875997430378739e+00
7.801604860404139252e+00
7.802333192523585481e+00
7.803060994561430874e+00
7.803788267288704006e+00
7.804515011474750352e+00
7.805241227887241173e+00
7.805966917292176177e+00
7.806692080453887961e+00
7.807416718135047340e+00
7.808140831096669565e+00
7.808864420098116987e+00
7.809587485897104386e+00
7.810310029249705188e+00
7.811032050910355018e+00
7.811753551631856141e+00
7.812474532165381902e+00
7.813194993260482946e+00
7.813914935665090766e+00
7.814634360125522150e+00
7.815353267386485392e+00
7.816071658191082960e+00
7.816789533280817714e+00
7.817506893395595569e+00
7.818223739273731709e+00
7.818940071651955037e+00
7.819655891265412606e+00
7.820371198847673178e+00
7.821085995130732549e+00
7.821800280845017994e+00
7.822514056719393594e+00
7.823227323481162898e+00
7.823940081856073370e+00
7.824652332568324375e+00
7.825364076340566299e+00
7.826075313893909424e+00
7.826786045947924819e+00
7.827496273220652334e+00
7.828205996428601487e+00
7.828915216286757683e+00
7.829623933508585765e+00
7.830332148806036230e+00
7.831039862889546121e+00
7.831747076468047020e+00
7.832453790248965930e+00
7.833160004938231502e+00
7.833865721240278468e+00
7.834570939858050309e+00
7.835275661493004584e+00
7.835979886845117370e+00
7.836683616612886816e+00
7.837386851493336692e+00
7.838089592182022614e+00
7.838791839373033810e+00
7.839493593758998458e+00
7.840194856031088122e+00
7.840895626879020419e+00
7.841595906991065235e+00
7.842295697054046499e+00
7.842994997753347519e+00
7.843693809772914527e+00
7.844392133795261124e+00
7.845089970501471832e+00
7.845787320571206536e+00
7.846484184682704921e+00
7.847180563512788254e+00
7.847876457736866485e+00
7.848571868028939136e+00
7.849266795061600632e+00
7.849961239506044741e+00
7.850655202032068125e+00
7.851348683308073895e+00
7.852041684001074273e+00
7.852734204776697702e+00
7.853426246299188840e+00
7.854117809231415670e+00
7.854808894234871275e+00
7.855499501969678278e+00
7.856189633094592395e+00
7.856879288267005990e+00
7.857568468142953400e+00
7.858257173377113602e+00
7.858945404622811992e+00
7.859633162532028372e+00
7.860320447755396067e+00
7.861007260942209030e+00
7.861693602740424502e+00
7.862379473796665685e+00
7.863064874756227063e+00
7.863749806263076181e+00
7.864434268959858976e+00
7.865118263487902439e+00
7.865801790487219058e+00
7.866484850596508593e+00
7.867167444453164293e+00
7.867849572693273785e+00
7.868531235951624403e+00
7.869212434861705852e+00
7.869893170055715537e+00
7.870573442164559452e+00
7.871253251817856622e+00
7.871932599643943540e+00
7.872611486269876835e+00
7.873289912321436823e+00
7.873967878423131950e+00
7.874645385198199676e+00
7.875322433268612698e+00
7.875999023255080722e+00
7.876675155777054904e+00
7.877350831452730517e+00
7.878026050899050503e+00
7.878700814731709023e+00
7.879375123565155015e+00
7.880048978012593963e+00
7.880722378685995011e+00
7.881395326196089179e+00
7.882067821152377363e+00
7.882739864163130328e+00
7.883411455835393156e+00
7.884082596774990570e+00
7.884753287586526049e+00
7.885423528873388932e+00
7.886093321237756193e+00
7.886762665280594220e+00
7.887431561601664143e+00
7.888100010799525386e+00
7.888768013471535667e+00
7.889435570213858995e+00
7.890102681621463887e+00
7.890769348288130480e+00
7.891435570806451416e+00
7.892101349767836282e+00
7.892766685762513390e+00
7.893431579379535101e+00
7.894096031206777830e+00
7.894760041830948261e+00
7.895423611837584232e+00
7.896086741811059184e+00
7.896749432334584817e+00
7.897411683990213760e+00
7.898073497358844008e+00
7.898734873020219815e+00
7.899395811552936131e+00
7.900056313534442154e+00
7.900716379541043111e+00
7.901376010147902917e+00
7.902035205929049511e+00
7.902693967457376623e+00
7.903352295304644670e+00
7.904010190041486972e+00
7.904667652237410636e+00
7.905324682460801000e+00
7.905981281278923412e+00
7.906637449257925887e+00
7.907293186962843556e+00
7.907948494957601326e+00
7.908603373805014769e+00
7.909257824066794562e+00
7.909911846303550931e+00
7.910565441074792759e+00
7.911218608938933805e+00
7.911871350453294482e+00
7.912523666174103631e+00
7.913175556656502962e+00
7.913827022454548832e+00
7.914478064121215795e+00
7.915128682208398381e+00
7.915778877266915536e+00
7.916428649846512400e+00
7.917078000495862966e+00
7.917726929762572752e+00
7.918375438193182347e+00
7.919023526333169194e+00
7.919671194726951136e+00
7.920318443917889972e+00
7.920965274448290572e+00
7.921611686859408863e+00
7.922257681691450060e+00
7.922903259483573990e+00
7.923548420773896872e+00
7.924193166099493091e+00
7.924837495996400527e+00
7.925481410999619669e+00
7.926124911643120718e+00
7.926767998459840925e+00
7.927410671981691692e+00
7.928052932739559466e+00
7.928694781263307512e+00
7.929336218081781240e+00
7.929977243722807323e+00
7.930617858713198132e+00
7.931258063578755291e+00
7.931897858844270566e+00
7.932537245033528528e+00
7.933176222669310995e+00
7.933814792273397920e+00
7.934452954366569166e+00
7.935090709468609838e+00
7.935728058098310278e+00
7.936365000773469625e+00
7.937001538010897583e+00
7.937637670326418871e+00
7.938273398234874101e+00
7.938908722250121563e+00
7.939543642885042551e+00
7.940178160651539585e+00
7.940812276060544406e+00
7.941445989622014423e+00
7.942079301844940709e+00
7.942712213237345331e+00
7.943344724306289351e+00
7.943976835557869265e+00
7.944608547497225004e+00
7.945239860628538153e+00
7.945870775455036394e+00
7.946501292478996170e+00
7.947131412201743572e+00
7.947761135123657894e+00
7.948390461744174296e+00
7.949019392561784692e+00
7.949647928074041303e+00
7.950276068777559324e+00
7.950903815168017807e+00
7.951531167740163220e+00
7.952158126987812103e+00
7.952784693403851968e+00
7.953410867480244839e+00
7.954036649708029927e+00
7.954662040577323623e+00
7.955287040577323943e+00
7.955911650196312301e+00
7.956535869921655291e+00
7.957159700239809119e+00
7.957783141636317836e+00
7.958406194595819549e+00
7.959028859602046424e+00
7.959651137137827348e+00
7.960273027685090597e+00
7.960894531724866496e+00
7.961515649737289202e+00
7.962136382201596696e+00
7.962756729596137895e+00
7.963376692398369983e+00
7.963996271084862855e+00
7.964615466131302668e+00
7.965234278012490954e+00
7.965852707202349059e+00
7.966470754173919033e+00
7.967088419399367183e+00
7.967705703349984070e+00
7.968322606496189842e+00
7.968939129307534230e+00
7.969555272252697442e+00
7.970171035799495485e+00
7.970786420414880169e+00
7.971401426564941772e+00
7.972016054714910815e+00
7.972630305329161615e+00
7.973244178871212284e+00
7.973857675803727396e+00
7.974470796588522425e+00
7.975083541686561972e+00
7.975695911557964202e+00
7.976307906662003511e+00
7.976919527457110526e+00
7.977530774400875657e+00
7.978141647950050874e+00
7.978752148560551483e+00
7.979362276687457900e+00
7.979972032785019209e+00
7.980581417306652270e+00
7.981190430704947048e+00
7.981799073431666613e+00
7.982407345937748921e+00
7.983015248673311248e+00
7.983622782087649306e+00
7.984229946629239905e+00
7.984836742745744509e+00
7.985443170884010122e+00
7.986049231490071065e+00
7.986654925009150752e+00
7.987260251885664353e+00
7.987865212563220574e+00
7.988469807484623431e+00
7.989074037091874025e+00
7.989677901826173212e+00
7.990281402127923371e+00
7.990884538436729301e+00
7.991487311191400877e+00
7.992089720829954835e+00
7.992691767789617430e+00
7.993293452506825325e+00
7.993894775417228260e+00
7.994495736955689935e+00
7.995096337556290678e+00
7.995696577652329218e+00
7.996296457676324465e+00
7.996895978060017285e+00
7.997495139234373163e+00
7.998093941629583092e+00
7.998692385675064465e+00
7.999290471799466395e+00
7.999888200430667951e+00
8.000485571995781697e+00
8.001082586921155482e+00
8.001679245632372428e+00
8.002275548554257156e+00
8.002871496110872229e+00
8.003467088725523482e+00
8.004062326820761797e+00
8.004657210818383106e+00
8.005251741139430166e+00
8.005845918204196110e+00
8.006439742432224449e+00
8.007033214242312624e+00
8.007626334052513783e+00
8.008219102280136781e+00
8.008811519341747953e+00
8.009403585653174673e+00
8.009995301629505349e+00
8.010586667685092976e+00
8.011177684233556917e+00
8.011768351687779344e+00
8.012358670459915899e+00
8.012948640961390367e+00
8.013538263602900003e+00
8.014127538794413752e+00
8.014716466945179363e+00
8.015305048463719828e+00
8.015893283757836940e+00
8.016481173234614843e+00
8.017068717300420033e+00
8.017655916360901358e+00
8.018242770820995347e+00
8.018829281084924432e+00
8.019415447556202281e+00
8.020001270637632018e+00
8.020586750731308001e+00
8.021171888238622927e+00
8.021756683560260726e+00
8.022341137096205443e+00
8.022925249245737689e+00
8.023509020407441739e+00
8.024092450979203761e+00
8.024675541358211817e+00
8.025258291940962962e+00
8.025840703123257924e+00
8.026422775300208201e+00
8.027004508866234289e+00
8.027585904215071011e+00
8.028166961739765739e+00
8.028747681832680172e+00
8.029328064885495664e+00
8.029908111289207895e+00
8.030487821434135753e+00
8.031067195709917783e+00
8.031646234505517512e+00
8.032224938209221676e+00
8.032803307208643773e+00
8.033381341890724059e+00
8.033959042641734882e+00
8.034536409847277127e+00
8.035113443892285545e+00
8.035690145161028752e+00
8.036266514037109232e+00
8.036842550903468663e+00
8.037418256142386142e+00
8.037993630135481737e+00
8.038568673263716491e+00
8.039143385907394190e+00
8.039717768446164925e+00
8.040291821259023308e+00
8.040865544724313807e+00
8.041438939219727189e+00
8.042012005122305851e+00
8.042584742808445597e+00
8.043157152653895636e+00
8.043729235033758584e+00
8.044300990322495792e+00
8.044872418893923793e+00
8.045443521121223185e+00
8.046014297376931523e+00
8.046584748032950429e+00
8.047154873460543811e+00
8.047724674030344971e+00
8.048294150112349499e+00
8.048863302075924153e+00
8.049432130289803311e+00
8.050000635122094295e+00
8.050568816940275596e+00
8.051136676111200430e+00
8.051704213001098509e+00
8.052271427975574269e+00
8.052838321399610422e+00
8.053404893637571504e+00
8.053971145053200331e+00
8.054537076009623320e+00
8.055102686869352269e+00
8.055667977994280804e+00
8.056232949745693261e+00
8.056797602484259357e+00
8.057361936570037741e+00
8.057925952362479549e+00
8.058489650220428402e+00
8.059053030502118631e+00
8.059616093565182382e+00
8.060178839766646064e+00
8.060741269462933900e+00
8.061303383009869705e+00
8.061865180762678662e+00
8.062426663075985545e+00
8.062987830303820047e+00
8.063548682799613232e+00
8.064109220916204634e+00
8.064669445005840487e+00
8.065229355420173718e+00
8.065788952510269283e+00
8.066348236626600610e+00
8.066907208119054928e+00
8.067465867336931495e+00
8.068024214628946922e+00
8.068582250343233397e+00
8.069139974827338690e+00
8.069697388428229701e+00
8.070254491492296012e+00
8.070811284365348115e+00
8.071367767392615633e+00
8.071923940918756202e+00
8.072479805287850141e+00
8.073035360843405783e+00
8.073590607928359475e+00
8.074145546885073799e+00
8.074700178055346456e+00
8.075254501780401384e+00
8.075808518400899416e+00
8.076362228256934728e+00
8.076915631688036612e+00
8.077468729033169481e+00
8.078021520630736418e+00
8.078574006818580955e+00
8.079126187933987069e+00
8.079678064313677410e+00
8.080229636293820406e+00
8.080780904210028481e+00
8.081331868397356288e+00
8.081882529190307807e+00
8.082432886922834570e+00
8.082982941928335663e+00
8.083532694539661279e+00
8.084082145089112714e+00
8.084631293908442373e+00
8.085180141328859094e+00
8.085728687681026372e+00
8.086276933295060587e+00
8.086824878500539882e+00
8.087372523626498833e+00
8.087919869001430229e+00
8.088466914953290399e+00
8.089013661809495659e+00
8.089560109896927642e+00
8.090106259541929745e+00
8.090652111070314234e+00
8.091197664807356915e+00
8.091742921077804240e+00
8.092287880205869754e+00
8.092832542515237648e+00
8.093376908329064534e+00
8.093920977969979447e+00
8.094464751760082066e+00
8.095008230020951601e+00
8.095551413073639679e+00
8.096094301238677460e+00
8.096636894836073850e+00
8.097179194185315509e+00
8.097721199605370401e+00
8.098262911414687792e+00
8.098804329931201806e+00
8.099345455472327870e+00
8.099886288354966268e+00
8.100426828895507469e+00
8.100967077409823247e+00
8.101507034213279113e+00
8.102046699620727210e+00
8.102586073946509870e+00
8.103125157504461384e+00
8.103663950607909783e+00
8.104202453569676834e+00
8.104740666702078045e+00
8.105278590316924436e+00
8.105816224725526098e+00
8.106353570238690409e+00
8.106890627166725594e+00
8.107427395819435390e+00
8.107963876506131484e+00
8.108500069535622856e+00
8.109035975216222880e+00
8.109571593855751104e+00
8.110106925761533248e+00
8.110641971240399428e+00
8.111176730598687712e+00
8.111711204142247666e+00
8.112245392176435033e+00
8.112779295006120606e+00
8.113312912935683130e+00
8.113846246269016405e+00
8.114379295309527507e+00
8.114912060360140345e+00
8.115444541723292105e+00
8.115976739700940357e+00
8.116508654594557726e+00
8.117040286705137220e+00
8.117571636333192231e+00
8.118102703778758311e+00
8.118633489341391396e+00
8.119163993320171357e+00
8.119694216013702004e+00
8.120224157720114633e+00
8.120753818737064478e+00
8.121283199361734262e+00
8.121812299890834197e+00
8.122341120620607313e+00
8.122869661846822353e+00
8.123397923864782655e+00
8.123925906969322597e+00
8.124453611454811153e+00
8.124981037615148338e+00
8.125508185743772316e+00
8.126035056133655843e+00
8.126561649077309823e+00
8.127087964866783310e+00
8.127614003793663500e+00
8.128139766149079293e+00
8.128665252223697735e+00
8.129190462307731124e+00
8.129715396690933460e+00
8.130240055662602217e+00
8.130764439511580122e+00
8.131288548526255155e+00
8.131812382994562327e+00
8.132335943203987227e+00
8.132859229441558924e+00
8.133382241993860617e+00
8.133904981147022539e+00
8.134427447186730831e+00
8.134949640398218662e+00
8.135471561066276891e+00
8.135993209475248733e+00
8.136514585909033315e+00
8.137035690651085673e+00
8.137556523984418533e+00
8.138077086191602305e+00
8.138597377554765089e+00
8.139117398355597999e+00
8.139637148875348061e+00
8.140156629394828869e+00
8.140675840194413482e+00
8.141194781554039750e+00
8.141713453753210317e+00
8.142231857070990841e+00
8.142749991786017105e+00
8.143267858176487906e+00
8.143785456520173938e+00
8.144302787094410689e+00
8.144819850176107323e+00
8.145336646041739570e+00
8.145853174967358612e+00
8.146369437228587529e+00
8.146885433100621299e+00
8.147401162858228574e+00
8.147916626775755233e+00
8.148431825127120831e+00
8.148946758185823924e+00
8.149461426224938521e+00
8.149975829517119408e+00
8.150489968334600377e+00
8.151003842949194222e+00
8.151517453632296295e+00
8.152030800654882725e+00
8.152543884287513976e+00
8.153056704800334842e+00
8.153569262463072675e+00
8.154081557545039161e+00
8.154593590315135643e+00
8.155105361041849577e+00
8.155616869993256302e+00
8.156128117437019043e+00
8.156639103640390687e+00
8.157149828870217334e+00
8.157660293392932971e+00
8.158170497474564797e+00
8.158680441380735004e+00
8.159190125376657221e+00
8.159699549727141843e+00
8.160208714696592480e+00
8.160717620549009510e+00
8.161226267547991853e+00
8.161734655956736972e+00
8.162242786038037323e+00
8.162750658054289232e+00
8.163258272267487570e+00
8.163765628939227526e+00
8.164272728330708162e+00
8.164779570702730638e+00
8.165286156315699984e+00
8.165792485429623326e+00
8.166298558304116995e+00
8.166804375198401189e+00
8.167309936371303536e+00
8.167815242081257310e+00
8.168320292586308540e+00
8.168825088144107127e+00
8.169329629011917504e+00
8.169833915446611527e+00
8.170337947704675585e+00
8.170841726042207043e+00
8.171345250714916020e+00
8.171848521978127167e+00
8.172351540086779664e+00
8.172854305295427224e+00
8.173356817858241641e+00
8.173859078029009240e+00
8.174361086061137982e+00
8.174862842207650360e+00
8.175364346721190500e+00
8.175865599854022392e+00
8.176366601858029881e+00
8.176867352984720227e+00
8.177367853485220550e+00
8.177868103610283157e+00
8.178368103610283768e+00
8.178867853735221516e+00
8.179367354234722498e+00
8.179866605358038001e+00
8.180365607354046276e+00
8.180864360471252539e+00
8.181362864957792524e+00
8.181861121061428932e+00
8.182359129029556755e+00
8.182856889109197951e+00
8.183354401547008550e+00
8.183851666589276874e+00
8.184348684481921765e+00
8.184845455470496134e+00
8.185341979800188739e+00
8.185838257715820632e+00
8.186334289461852265e+00
8.186830075282378161e+00
8.187325615421128688e+00
8.187820910121475393e+00
8.188315959626425666e+00
8.188810764178628077e+00
8.189305324020368815e+00
8.189799639393577024e+00
8.190293710539821248e+00
8.190787537700314758e+00
8.191281121115912001e+00
8.191774461027110377e+00
8.192267557674053791e+00
8.192760411296527323e+00
8.193253022133966113e+00
8.193745390425448250e+00
8.194237516409700106e+00
8.194729400325096336e+00
8.195221042409658097e+00
8.195712442901058381e+00
8.196203602036618463e+00
8.196694520053309674e+00
8.197185197187755179e+00
8.197675633676229978e+00
8.198165829754660905e+00
8.198655785658630180e+00
8.199145501623370080e+00
8.199634977883771825e+00
8.200124214674378464e+00
8.200613212229390214e+00
8.201101970782664452e+00
8.201590490567715719e+00
8.202078771817715719e+00
8.202566814765495096e+00
8.203054619643543433e+00
8.203542186684011028e+00
8.204029516118708898e+00
8.204516608179108772e+00
8.205003463096343097e+00
8.205490081101208588e+00
8.205976462424166229e+00
8.206462607295337719e+00
8.206948515944510802e+00
8.207434188601141045e+00
8.207919625494344729e+00
8.208404826852907732e+00
8.208889792905283755e+00
8.209374523879592545e+00
8.209859020003623442e+00
8.210343281504833612e+00
8.210827308610351594e+00
8.211311101546975522e+00
8.211794660541173130e+00
8.212277985819085302e+00
8.212761077606524296e+00
8.213243936128977296e+00
8.213726561611602861e+00
8.214208954279234476e+00
8.214691114356380552e+00
8.215173042067224429e+00
8.215654737635624372e+00
8.216136201285118901e+00
8.216617433238921464e+00
8.217098433719922213e+00
8.217579202950691553e+00
8.218059741153478370e+00
8.218540048550211807e+00
8.219020125362501261e+00
8.219499971811638162e+00
8.219979588118592417e+00
8.220458974504019523e+00
8.220938131188255227e+00
8.221417058391320865e+00
8.221895756332919802e+00
8.222374225232440992e+00
8.222852465308958969e+00
8.223330476781233855e+00
8.223808259867713133e+00
8.224285814786528093e+00
8.224763141755502716e+00
8.225240240992144791e+00
8.225717112713651247e+00
8.226193757136911699e+00
8.226670174478503128e+00
8.227146364954693425e+00
8.227622328781443173e+00
8.228098066174402092e+00
8.228573577348914370e+00
8.229048862520016883e+00
8.229523921902439199e+00
8.229998755710607128e+00
8.230473364158637395e+00
8.230947747460344743e+00
8.231421905829240160e+00
8.231895839478529098e+00
8.232369548621115030e+00
8.232843033469599447e+00
8.233316294236281863e+00
8.233789331133159806e+00
8.234262144371930603e+00
8.234734734163991376e+00
8.235207100720439044e+00
8.235679244252072095e+00
8.236151164969392369e+00
8.236622863082599721e+00
8.237094338801600912e+00
8.237565592336002496e+00
8.238036623895116151e+00
8.238507433687960457e+00
8.238978021923253792e+00
8.239448388809424983e+00
8.239918534554606211e+00
8.240388459366636553e+00
8.240858163453061991e+00
8.241327647021137182e+00
8.241796910277823685e+00
8.242265953429793512e+00
8.242734776683427356e+00
8.243203380244814582e+00
8.243671764319756790e+00
8.244139929113764254e+00
8.244607874832061256e+00
8.245075601679582533e+00
8.245543109860975051e+00
8.246010399580601558e+00
8.246477471042535257e+00
8.246944324450565134e+00
8.247410960008194181e+00
8.247877377918641173e+00
8.248343578384842445e+00
8.248809561609446561e+00
8.249275327794821422e+00
8.249740877143052487e+00
8.250206209855942774e+00
8.250671326135012862e+00
8.251136226181502664e+00
8.251600910196373206e+00
8.252065378380303073e+00
8.252529630933691962e+00
8.252993668056662457e+00
8.253457489949056480e+00
8.253921096810438840e+00
8.254384488840095457e+00
8.254847666237038695e+00
8.255310629200002026e+00
8.255773377927443590e+00
8.256235912617546191e+00
8.256698233468217296e+00
8.257160340677089039e+00
8.257622234441523545e+00
8.258083914958605831e+00
8.258545382425149128e+00
8.259006637037694887e+00
8.259467678992512774e+00
8.259928508485600673e+00
8.260389125712684688e+00
8.260849530869222690e+00
8.261309724150400768e+00
8.261769705751136783e+00
8.262229475866078587e+00
8.262689034689607581e+00
8.263148382415836934e+00
8.263607519238609811e+00
8.264066445351506474e+00
8.264525160947837179e+00
8.264983666220647507e+00
8.265441961362718359e+00
8.265900046566565962e+00
8.266357922024441862e+00
8.266815587928331155e+00
8.267273044469959586e+00
8.267730291840786450e+00
8.268187330232011689e+00
8.268644159834570573e+00
8.269100780839137244e+00
8.269557193436124720e+00
8.270013397815686673e+00
8.270469394167715649e+00
8.270925182681844845e+00
8.271380763547448112e+00
8.271836136953641727e+00
8.272291303089280845e+00
8.272746262142966600e+00
8.273201014303039003e+00
8.273655559757584044e+00
8.274109898694430143e+00
8.274564031301151701e+00
8.275017957765063770e+00
8.275471678273230935e+00
8.275925193012460213e+00
8.276378502169304596e+00
8.276831605930066615e+00
8.277284504480791227e+00
8.277737198007272923e+00
8.278189686695055727e+00
8.278641970729429644e+00
8.279094050295432439e+00
8.279545925577854959e+00
8.279997596761234036e+00
8.280449064029857809e+00
8.280900327567763952e+00
8.281351387558743227e+00
8.281802244186335926e+00
8.282252897633835431e+00
8.282703348084286432e+00
8.283153595720486706e+00
8.283603640724987116e+00
8.284053483280093388e+00
8.284503123567862559e+00
8.284952561770110080e+00
8.285401798068402712e+00
8.285850832644065633e+00
8.286299665678177107e+00
8.286748297351573811e+00
8.287196727844847288e+00
8.287644957338347496e+00
8.288092986012182806e+00
8.288540814046218230e+00
8.288988441620077197e+00
8.289435868913141547e+00
8.289883096104555094e+00
8.290330123373218285e+00
8.290776950897793540e+00
8.291223578856703469e+00
8.291670007428132649e+00
8.292116236790024075e+00
8.292562267120086261e+00
8.293008098595787914e+00
8.293453731394361483e+00
8.293899165692803166e+00
8.294344401667869349e+00
8.294789439496085492e+00
8.295234279353737250e+00
8.295678921416875795e+00
8.296123365861319598e+00
8.296567612862652652e+00
8.297011662596222692e+00
8.297455515237146528e+00
8.297899170960304716e+00
8.298342629940348658e+00
8.298785892351697058e+00
8.299228958368534137e+00
8.299671828164813192e+00
8.300114501914260146e+00
8.300556979790366441e+00
8.300999261966394371e+00
8.301441348615377080e+00
8.301883239910118562e+00
8.302324936023191881e+00
8.302766437126944510e+00
8.303207743393492990e+00
8.303648854994728268e+00
8.304089772102312139e+00
8.304530494887680803e+00
8.304971023522041307e+00
8.305411358176378656e+00
8.305851499021448703e+00
8.306291446227783482e+00
8.306731199965689427e+00
8.307170760405249155e+00
8.307610127716321458e+00
8.308049302068539532e+00
8.308488283631314530e+00
8.308927072573833783e+00
8.309365669065062576e+00
8.309804073273742375e+00
8.310242285368396153e+00
8.310680305517323063e+00
8.311118133888601989e+00
8.311555770650089769e+00
8.311993215969424753e+00
8.312430470014025019e+00
8.312867532951088378e+00
8.313304404947594151e+00
8.313741086170301386e+00
8.314177576785752422e+00
8.314613876960272876e+00
8.315049986859968101e+00
8.315485906650726733e+00
8.315921636498220693e+00
8.316357176567906961e+00
8.316792527025025805e+00
8.317227688034598998e+00
8.317662659761436927e+00
8.318097442370133265e+00
8.318532036025066745e+00
8.318966440890401159e+00
8.319400657130088916e+00
8.319834684907867484e+00
8.320268524387259390e+00
8.320702175731579331e+00
8.321135639103923509e+00
8.321568914667182071e+00
8.322002002584028446e+00
8.322434903016928232e+00
8.322867616128135637e+00
8.323300142079693487e+00
8.323732481033433217e+00
8.324164633150978432e+00
8.324596598593743124e+00
8.325028377522931677e+00
8.325459970099538864e+00
8.325891376484353401e+00
8.326322596837954393e+00
8.326753631320713112e+00
8.327184480092794772e+00
8.327615143314154977e+00
8.328045621144546828e+00
8.328475913743513814e+00
8.328906021270395144e+00
8.329335943884323967e+00
8.329765681744229155e+00
8.330195235008833521e+00
8.330624603836657371e+00
8.331053788386013181e+00
8.331482788815014473e+00
8.331911605281566935e+00
8.332340237943375527e+00
8.332768686957942705e+00
8.333196952482568420e+00
8.333625034674350118e+00
8.334052933690182741e+00
8.334480649686760501e+00
8.334908182820578659e+00
8.335335533247929973e+00
8.335762701124906471e+00
8.336189686607399452e+00
8.336616489851104816e+00
8.337043111011514185e+00
8.337469550243923777e+00
8.337895807703429085e+00
8.338321883544928426e+00
8.338747777923122939e+00
8.339173490992514814e+00
8.339599022907409065e+00
8.340024373821913528e+00
8.340449543889940642e+00
8.340874533265205670e+00
8.341299342101230252e+00
8.341723970551337075e+00
8.342148418768655205e+00
8.342572686906118307e+00
8.342996775116466424e+00
8.343420683552244199e+00
8.343844412365802654e+00
8.344267961709300963e+00
8.344691331734702899e+00
8.345114522593780393e+00
8.345537534438111749e+00
8.345960367419083425e+00
8.346383021687891812e+00
8.346805497395537898e+00
8.347227794692834379e+00
8.347649913730402105e+00
8.348071854658671853e+00
8.348493617627882557e+00
8.348915202788084855e+00
8.349336610289137539e+00
8.349757840280712884e+00
8.350178892912291317e+00
8.350599768333166750e+00
8.351020466692443023e+00
8.351440988139037458e+00
8.351861332821677308e+00
8.352281500888905086e+00
8.352701492489073232e+00
8.353121307770349446e+00
8.353540946880714912e+00
8.353960409967962519e+00
8.354379697179702191e+00
8.354798808663357335e+00
8.355217744566164839e+00
8.355636505035176853e+00
8.356055090217260783e+00
8.356473500259101073e+00
8.356891735307197422e+00
8.357309795507866568e+00
8.357727681007240506e+00
8.358145391951266490e+00
8.358562928485714139e+00
8.358980290756164777e+00
8.359397478908022094e+00
8.359814493086505038e+00
8.360231333436651369e+00
8.360648000103317656e+00
8.361064493231181061e+00
8.361480812964735776e+00
8.361896959448298361e+00
8.362312932826002410e+00
8.362728733241802104e+00
8.363144360839473990e+00
8.363559815762615202e+00
8.363975098154641685e+00
8.364390208158793527e+00
8.364805145918129625e+00
8.365219911575533018e+00
8.365634505273709109e+00
8.366048927155183890e+00
8.366463177362309267e+00
8.366877256037257737e+00
8.367291163322025938e+00
8.367704899358434645e+00
8.368118464288128777e+00
8.368531858252577393e+00
8.368945081393073693e+00
8.369358133850735015e+00
8.369771015766506395e+00
8.370183727281157005e+00
8.370596268535281936e+00
8.371008639669302198e+00
8.371420840823464715e+00
8.371832872137844106e+00
8.372244733752340906e+00
8.372656425806685121e+00
8.373067948440429120e+00
8.373479301792958296e+00
8.373890486003483957e+00
8.374301501211046883e+00
8.374712347554513769e+00
8.375123025172584335e+00
8.375533534203782438e+00
8.375943874786466736e+00
8.376354047058821806e+00
8.376764051158863467e+00
8.377173887224437010e+00
8.377583555393220749e+00
8.377993055802720690e+00
8.378402388590277639e+00
8.378811553893060093e+00
8.379220551848069576e+00
8.379629382592142406e+00
8.380038046261942597e+00
8.380446542993968961e+00
8.380854872924553334e+00
8.381263036189858795e+00
8.381671032925885001e+00
8.382078863268462854e+00
8.382486527353256278e+00
8.382894025315765774e+00
8.383301357291326639e+00
8.383708523415105418e+00
8.384115523822105231e+00
8.384522358647165774e+00
8.384929028024961539e+00
8.385335532090001820e+00
8.385741870976632484e+00
8.386148044819037750e+00
8.386554053751234861e+00
8.386959897907079409e+00
8.387365577420263563e+00
8.387771092424317843e+00
8.388176443052611120e+00
8.388581629438348841e+00
8.388986651714574805e+00
8.389391510014169384e+00
8.389796204469854857e+00
8.390200735214191852e+00
8.390605102379577573e+00
8.391009306098251130e+00
8.391413346502291759e+00
8.391817223723617047e+00
8.392220937893984711e+00
8.392624489144994371e+00
8.393027877608083998e+00
8.393431103414535244e+00
8.393834166695469889e+00
8.394237067581851619e+00
8.394639806204486021e+00
8.395042382694018812e+00
8.395444797180941165e+00
8.395847049795582606e+00
8.396249140668119892e+00
8.396651069928569910e+00
8.397052837706793227e+00
8.397454444132495865e+00
8.397855889335225754e+00
8.398257173444374502e+00
8.398658296589179173e+00
8.399059258898722291e+00
8.399460060501928282e+00
8.399860701527568807e+00
8.400261182104260982e+00
8.400661502360465605e+00
8.401061662424490706e+00
8.401461662424491550e+00
8.401861502488465305e+00
8.402261182744259926e+00
8.402660703319568825e+00
8.403060064341932645e+00
8.403459265938739264e+00
8.403858308237222019e+00
8.404257191364465029e+00
8.404655915447399650e+00
8.405054480612804468e+00
8.405452886987307082e+00
8.405851134697382321e+00
8.406249223869357579e+00
8.406647154629405705e+00
8.407044927103550336e+00
8.407442541417665893e+00
8.407839997697475809e+00
8.408237296068552524e+00
8.408634436656321043e+00
8.409031419586055378e+00
8.409428244982880329e+00
8.409824912971773259e+00
8.410221423677562314e+00
8.410617777224926428e+00
8.411013973738397098e+00
8.411410013342356606e+00
8.411805896161041574e+00
8.412201622318541183e+00
8.412597191938793628e+00
8.412992605145594993e+00
8.413387862062590372e+00
8.413782962813280975e+00
8.414177907521022348e+00
8.414572696309020827e+00
8.414967329300338861e+00
8.415361806617893237e+00
8.415756128384455081e+00
8.416150294722649861e+00
8.416544305754959154e+00
8.416938161603718882e+00
8.417331862391121078e+00
8.417725408239212115e+00
8.418118799269896257e+00
8.418512035604933885e+00
8.418905117365939716e+00
8.419298044674388137e+00
8.419690817651607873e+00
8.420083436418785539e+00
8.420475901096963867e+00
8.420868211807047032e+00
8.421260368669791774e+00
8.421652371805816273e+00
8.422044221335596603e+00
8.422435917379466730e+00
8.422827460057618509e+00
8.423218849490103466e+00
8.423610085796832792e+00
8.424001169097575570e+00
8.424392099511962329e+00
8.424782877159481487e+00
8.425173502159481131e+00
8.425563974631172570e+00
8.425954294693623225e+00
8.426344462465765517e+00
8.426734478066389755e+00
8.427124341614147696e+00
8.427514053227554314e+00
8.427903613024982477e+00
8.428293021124671824e+00
8.428682277644718113e+00
8.429071382703083870e+00
8.429460336417591293e+00
8.429849138905927575e+00
8.430237790285639576e+00
8.430626290674139156e+00
8.431014640188701392e+00
8.431402838946464584e+00
8.431790887064432027e+00
8.432178784659466686e+00
8.432566531848300073e+00
8.432954128747525147e+00
8.433341575473599860e+00
8.433728872142848942e+00
8.434116018871458564e+00
8.434503015775483448e+00
8.434889862970841534e+00
8.435276560573315763e+00
8.435663108698557622e+00
8.436049507462081820e+00
8.436435756979269840e+00
8.436821857365369937e+00
8.437207808735497139e+00
8.437593611204633248e+00
8.437979264887625064e+00
8.438364769899189710e+00
8.438750126353911085e+00
8.439135334366238084e+00
8.439520394050489926e+00
8.439905305520852608e+00
8.440290068891378894e+00
8.440674684275993656e+00
8.441059151788488535e+00
8.441443471542523724e+00
8.441827643651627966e+00
8.442211668229200328e+00
8.442595545388510203e+00
8.442979275242691983e+00
8.443362857904755714e+00
8.443746293487578214e+00
8.444129582103906628e+00
8.444512723866358428e+00
8.444895718887423186e+00
8.445278567279460802e+00
8.445661269154699724e+00
8.446043824625242280e+00
8.446426233803062900e+00
8.446808496800004562e+00
8.447190613727784125e+00
8.447572584697990550e+00
8.447954409822083122e+00
8.448336089211396782e+00
8.448717622977135022e+00
8.449099011230376988e+00
8.449480254082073927e+00
8.449861351643049190e+00
8.450242304024001783e+00
8.450623111335502813e+00
8.451003773687995491e+00
8.451384291191800457e+00
8.451764663957110457e+00
8.452144892093992112e+00
8.452524975712387700e+00
8.452904914922113377e+00
8.453284709832860955e+00
8.453664360554197899e+00
8.454043867195563777e+00
8.454423229866277367e+00
8.454802448675529547e+00
8.455181523732390403e+00
8.455560455145803900e+00
8.455939243024591434e+00
8.456317887477450057e+00
8.456696388612954252e+00
8.457074746539552379e+00
8.457452961365573785e+00
8.457831033199221693e+00
8.458208962148578536e+00
8.458586748321604176e+00
8.458964391826135909e+00
8.459341892769888460e+00
8.459719251260453987e+00
8.460096467405305631e+00
8.460473541311792189e+00
8.460850473087141665e+00
8.461227262838461272e+00
8.461603910672735651e+00
8.461980416696832208e+00
8.462356781017494001e+00
8.462733003741346849e+00
8.463109084974894003e+00
8.463485024824517922e+00
8.463860823396483823e+00
8.464236480796934359e+00
8.464611997131894938e+00
8.464987372507270180e+00
8.465362607028845687e+00
8.465737700802289822e+00
8.466112653933148380e+00
8.466487466526851691e+00
8.466862138688709294e+00
8.467236670523915265e+00
8.467611062137542888e+00
8.467985313634548206e+00
8.468359425119770023e+00
8.468733396697929905e+00
8.469107228473630400e+00
8.469480920551358594e+00
8.469854473035482556e+00
8.470227886030254894e+00
8.470601159639810973e+00
8.470974293968168922e+00
8.471347289119231405e+00
8.471720145196785623e+00
8.472092862304501537e+00
8.472465440545931870e+00
8.472837880024517432e+00
8.473210180843580019e+00
8.473582343106325965e+00
8.473954366915849690e+00
8.474326252375128377e+00
8.474697999587023745e+00
8.475069608654285602e+00
8.475441079679546519e+00
8.475812412765323600e+00
8.476183608014023818e+00
8.476554665527938681e+00
8.476925585409244235e+00
8.477296367760004614e+00
8.477667012682168490e+00
8.478037520277574401e+00
8.478407890647945422e+00
8.478778123894890939e+00
8.479148220119910206e+00
8.479518179424387014e+00
8.479888001909593243e+00
8.480257687676690637e+00
8.480627236826727255e+00
8.480996649460639247e+00
8.481365925679250850e+00
8.481735065583274391e+00
8.482104069273312064e+00
8.482472936849852374e+00
8.482841668413273695e+00
8.483210264063844264e+00
8.483578723901722185e+00
8.483947048026951876e+00
8.484315236539471172e+00
8.484683289539102446e+00
8.485051207125563266e+00
8.485418989398457512e+00
8.485786636457280707e+00
8.486154148401418240e+00
8.486521525330147142e+00
8.486888767342632534e+00
8.487255874537932954e+00
8.487622847014996808e+00
8.487989684872664142e+00
8.488356388209664871e+00
8.488722957124620550e+00
8.489089391716046151e+00
8.489455692082346516e+00
8.489821858321819903e+00
8.490187890532654436e+00
8.490553788812931657e+00
8.490919553260626529e+00
8.491285183973605655e+00
8.491650681049629057e+00
8.492016044586348400e+00
8.492381274681308767e+00
8.492746371431946883e+00
8.493111334935596446e+00
8.493476165289481017e+00
8.493840862590721130e+00
8.494205426936328962e+00
8.494569858423210107e+00
8.494934157148165355e+00
8.495298323207888913e+00
8.495662356698970186e+00
8.496026257717893770e+00
8.496390026361035908e+00
8.496753662724671585e+00
8.497117166904969210e+00
8.497480538997992383e+00
8.497843779099699901e+00
8.498206887305945756e+00
8.498569863712479133e+00
8.498932708414946191e+00
8.499295421508888282e+00
8.499658003089743730e+00
8.500020453252846053e+00
8.500382772093425743e+00
8.500744959706610260e+00
8.501107016187420484e+00
8.501468941630779597e+00
8.501830736131502420e+00
8.502192399784306076e+00
8.502553932683799331e+00
8.502915334924493251e+00
8.503276606600794096e+00
8.503637747807005098e+00
8.503998758637330013e+00
8.504359639185867792e+00
8.504720389546617909e+00
8.505081009813476811e+00
8.505441500080239692e+00
8.505801860440600493e+00
8.506162090988150126e+00
8.506522191816381806e+00
8.506882163018685716e+00
8.507242004688350789e+00
8.507601716918566481e+00
8.507961299802420996e+00
8.508320753432903061e+00
8.508680077902900152e+00
8.509039273305198492e+00
8.509398339732488381e+00
8.509757277277355314e+00
8.510116086032288862e+00
8.510474766089677345e+00
8.510833317541811383e+00
8.511191740480880341e+00
8.511550034998974112e+00
8.511908201188086665e+00
8.512266239140108937e+00
8.512624148946837721e+00
8.512981930699968558e+00
8.513339584491099288e+00
8.513697110411728275e+00
8.514054508553257961e+00
8.514411779006991310e+00
8.514768921864133588e+00
8.515125937215794139e+00
8.515482825152981050e+00
8.515839585766610043e+00
8.516196219147493807e+00
8.516552725386352662e+00
8.516909104573807454e+00
8.517265356800383103e+00
8.517621482156508605e+00
8.517977480732513484e+00
8.518333352618634891e+00
8.518689097905010499e+00
8.519044716681682061e+00
8.519400209038597183e+00
8.519755575065605768e+00
8.520110814852461800e+00
8.520465928488825114e+00
8.520820916064259620e+00
8.521175777668233309e+00
8.521530513390120021e+00
8.521885123319197675e+00
8.522239607544650042e+00
8.522593966155564971e+00
8.522948199240934386e+00
8.523302306889659619e+00
8.523656289190544300e+00
8.524010146232299689e+00
8.524363878103541126e+00
8.524717484892791575e+00
8.525070966688479857e+00
8.525424323578938868e+00
8.525777555652410911e+00
8.526130662997044141e+00
8.526483645700890790e+00
8.526836503851914273e+00
8.527189237537982081e+00
8.527541846846867557e+00
8.527894331866253452e+00
8.528246692683730146e+00
8.528598929386793870e+00
8.528951042062850263e+00
8.529303030799210816e+00
8.529654895683094651e+00
8.530006636801632069e+00
8.530358254241857452e+00
8.530709748090714584e+00
8.531061118435056656e+00
8.531412365361646266e+00
8.531763488957151864e+00
8.532114489308153082e+00
8.532465366501135406e+00
8.532816120622495504e+00
8.533166751758541224e+00
8.533517259995484494e+00
8.533867645419450199e+00
8.534217908116472628e+00
8.534568048172495480e+00
8.534918065673370080e+00
8.535267960704860712e+00
8.535617733352639291e+00
8.535967383702288913e+00
8.536316911839303856e+00
8.536666317849087804e+00
8.537015601816953847e+00
8.537364763828126257e+00
8.537713803967742265e+00
8.538062722320848508e+00
8.538411518972401026e+00
8.538760194007268822e+00
8.539108747510232078e+00
8.539457179565980383e+00
8.539805490259118059e+00
8.540153679674160614e+00
8.540501747895531182e+00
8.540849695007569409e+00
8.541197521094526124e+00
8.541545226240561561e+00
8.541892810529752467e+00
8.542240274046083215e+00
8.542587616873454692e+00
8.542934839095677191e+00
8.543281940796475737e+00
8.543628922059488318e+00
8.543975782968264099e+00
8.544322523606266984e+00
8.544669144056873833e+00
8.545015644403374466e+00
8.545362024728971662e+00
8.545708285116782932e+00
8.546054425649838748e+00
8.546400446411084317e+00
8.546746347483377804e+00
8.547092128949492107e+00
8.547437790892113085e+00
8.547783333393841332e+00
8.548128756537192174e+00
8.548474060404595676e+00
8.548819245078396634e+00
8.549164310640852804e+00
8.549509257174140231e+00
8.549854084760347916e+00
8.550198793481477821e+00
8.550543383419451970e+00
8.550887854656103571e+00
8.551232207273184116e+00
8.551576441352358060e+00
8.551920556975208143e+00
8.552264554223230064e+00
8.552608433177837810e+00
8.552952193920361879e+00
8.553295836532045726e+00
8.553639361094051097e+00
8.553982767687458022e+00
8.554326056393259492e+00
8.554669227292366784e+00
8.555012280465609464e+00
8.555355215993730056e+00
8.555698033957391146e+00
8.556040734437171835e+00
8.556383317513567732e+00
8.556725783266992735e+00
8.557068131777777253e+00
8.557410363126168207e+00
8.557752477392332580e+00
8.558094474656353867e+00
8.558436354998233853e+00
8.558778118497892606e+00
8.559119765235166710e+00
8.559461295289811034e+00
8.559802708741500510e+00
8.560144005669828360e+00
8.560485186154304316e+00
8.560826250274358173e+00
8.561167198109339793e+00
8.561508029738515546e+00
8.561848745241070091e+00
8.562189344696111704e+00
8.562529828182663394e+00
8.562870195779668236e+00
8.563210447565989369e+00
8.563550583620411771e+00
8.563890604021635156e+00
8.564230508848282852e+00
8.564570298178898256e+00
8.564909972091941270e+00
8.565249530665795419e+00
8.565588973978762510e+00
8.565928302109064418e+00
8.566267515134844857e+00
8.566606613134165826e+00
8.566945596185012946e+00
8.567284464365290120e+00
8.567623217752824871e+00
8.567961856425361233e+00
8.568300380460566856e+00
8.568638789936033007e+00
8.568977084929267463e+00
8.569315265517701619e+00
8.569653331778688710e+00
8.569991283789503811e+00
8.570329121627342062e+00
8.570666845369320441e+00
8.571004455092481322e+00
8.571341950873783588e+00
8.571679332790113293e+00
8.572016600918274776e+00
8.572353755334997771e+00
8.572690796116932077e+00
8.573027723340651107e+00
8.573364537082651893e+00
8.573701237419351529e+00
8.574037824427092502e+00
8.574374298182139142e+00
8.574710658760679394e+00
8.575046906238823041e+00
8.575383040692605263e+00
8.575719062197981302e+00
8.576054970830833568e+00
8.576390766666964538e+00
8.576726449782103856e+00
8.577062020251903007e+00
8.577397478151937094e+00
8.577732823557704833e+00
8.578068056544630338e+00
8.578403177188061335e+00
8.578738185563270946e+00
8.579073081745454132e+00
8.579407865809733025e+00
8.579742537831151594e+00
8.580077097884680981e+00
8.580411546045215943e+00
8.580745882387576629e+00
8.581080106986506806e+00
8.581414219916677411e+00
8.581748221252682995e+00
8.582082111069043506e+00
8.582415889440204282e+00
8.582749556440537830e+00
8.583083112144340276e+00
8.583416556625834914e+00
8.583749889959168655e+00
