0.5
0.3333333333333333
0.25
0.2
0.3333333333333333
0.42857142857142855
0.375
0.3333333333333333
0.3
0.2727272727272727
0.25
0.23076923076923078
0.21428571428571427
0.2
0.25
0.29411764705882354
0.2777777777777778
0.2631578947368421
0.3
0.2857142857142857
0.3181818181818182
0.34782608695652173
0.3333333333333333
0.32
0.3076923076923077
0.2962962962962963
0.2857142857142857
0.27586206896551724
0.26666666666666666
0.25806451612903225
0.28125
0.2727272727272727
0.2647058823529412
0.2571428571428571
0.25
0.2702702702702703
0.2631578947368421
0.2564102564102564
0.25
0.24390243902439024
0.2619047619047619
0.2558139534883721
0.25
0.24444444444444444
0.2391304347826087
0.23404255319148937
0.22916666666666666
0.22448979591836735
0.22
0.21568627450980393
0.21153846153846154
0.20754716981132076
0.2037037037037037
0.2
0.19642857142857142
0.19298245614035087
0.1896551724137931
0.1864406779661017
0.18333333333333332
0.18032786885245902
0.1935483870967742
0.19047619047619047
0.1875
0.18461538461538463
0.19696969696969696
0.19402985074626866
0.19117647058823528
0.2028985507246377
0.2
0.19718309859154928
0.20833333333333334
0.2191780821917808
0.22972972972972974
0.22666666666666666
0.2236842105263158
0.22077922077922077
0.21794871794871795
0.22784810126582278
0.225
0.2222222222222222
0.23170731707317074
0.24096385542168675
0.23809523809523808
0.23529411764705882
0.23255813953488372
0.22988505747126436
0.22727272727272727
0.23595505617977527
0.23333333333333334
0.24175824175824176
0.2391304347826087
0.23655913978494625
0.24468085106382978
0.24210526315789474
0.23958333333333334
0.23711340206185566
0.23469387755102042
0.23232323232323232
0.23
0.22772277227722773
0.22549019607843138
0.22330097087378642
0.22115384615384615
0.21904761904761905
0.2169811320754717
0.21495327102803738
0.21296296296296297
0.22018348623853212
0.21818181818181817
0.21621621621621623
0.22321428571428573
0.23008849557522124
0.22807017543859648
0.22608695652173913
0.22413793103448276
0.2222222222222222
0.22033898305084745
0.2184873949579832
0.21666666666666667
0.21487603305785125
0.21311475409836064
0.21138211382113822
0.20967741935483872
0.216
0.2222222222222222
0.2204724409448819
0.21875
0.21705426356589147
0.2153846153846154
0.21374045801526717
0.21212121212121213
0.21052631578947367
0.208955223880597
0.2074074074074074
0.20588235294117646
0.20437956204379562
0.2028985507246377
0.2014388489208633
0.2
0.19858156028368795
0.19718309859154928
0.1958041958041958
0.19444444444444445
0.19310344827586207
0.19863013698630136
0.19727891156462585
0.19594594594594594
0.19463087248322147
0.19333333333333333
0.19205298013245034
0.19078947368421054
0.1895424836601307
0.18831168831168832
0.1870967741935484
0.1858974358974359
0.1910828025477707
0.189873417721519
0.18867924528301888
0.1875
0.18633540372670807
0.18518518518518517
0.18404907975460122
0.18292682926829268
0.18181818181818182
0.18072289156626506
0.17964071856287425
0.18452380952380953
0.1834319526627219
0.18235294117647058
0.18128654970760233
0.18023255813953487
0.1791907514450867
0.1839080459770115
0.18285714285714286
0.18181818181818182
0.1807909604519774
0.1797752808988764
0.1787709497206704
0.18333333333333332
0.18232044198895028
0.1813186813186813
0.18032786885245902
0.1793478260869565
0.1783783783783784
0.1774193548387097
0.17647058823529413
0.17553191489361702
0.1746031746031746
0.1736842105263158
0.17277486910994763
0.171875
0.17098445595854922
0.17010309278350516
0.16923076923076924
0.1683673469387755
0.16751269035532995
0.1717171717171717
0.1708542713567839
0.17
0.1691542288557214
0.16831683168316833
0.16748768472906403
0.16666666666666666
0.16585365853658537
0.16990291262135923
0.16908212560386474
0.16826923076923078
0.1674641148325359
0.16666666666666666
0.17061611374407584
0.16981132075471697
0.16901408450704225
0.17289719626168223
0.17209302325581396
0.1712962962962963
0.17511520737327188
0.1743119266055046
0.1780821917808219
0.17727272727272728
0.17647058823529413
0.17567567567567569
0.17488789237668162
0.17410714285714285
0.17333333333333334
0.17256637168141592
0.1762114537444934
0.17982456140350878
0.17903930131004367
0.1782608695652174
0.1774891774891775
0.17672413793103448
0.1759656652360515
0.1752136752136752
0.17446808510638298
0.17372881355932204
0.1729957805907173
0.1722689075630252
0.17154811715481172
0.17083333333333334
0.17427385892116182
0.17355371900826447
0.1728395061728395
0.1721311475409836
0.17142857142857143
0.17073170731707318
0.1700404858299595
0.1693548387096774
0.1686746987951807
0.168
0.16733067729083664
0.16666666666666666
0.16600790513833993
0.16535433070866143
0.16470588235294117
0.16796875
0.16731517509727625
0.17054263565891473
0.16988416988416988
0.16923076923076924
0.1685823754789272
0.16793893129770993
0.16730038022813687
0.16666666666666666
0.1660377358490566
0.16541353383458646
0.1647940074906367
0.16417910447761194
0.16356877323420074
0.16296296296296298
0.16236162361623616
0.16176470588235295
0.16117216117216118
0.16058394160583941
0.16
0.15942028985507245
0.1588447653429603
0.15827338129496402
0.15770609318996415
0.15714285714285714
0.15658362989323843
0.15602836879432624
0.15901060070671377
0.15845070422535212
0.15789473684210525
0.15734265734265734
0.156794425087108
0.15625
0.15570934256055363
0.15517241379310345
0.15463917525773196
0.1541095890410959
0.15358361774744028
0.15306122448979592
0.15254237288135594
0.15202702702702703
0.15151515151515152
0.15100671140939598
0.1505016722408027
0.15333333333333332
0.15282392026578073
0.152317880794702
0.15181518151815182
0.1513157894736842
0.15081967213114755
0.1503267973856209
0.1498371335504886
0.14935064935064934
0.1488673139158576
0.14838709677419354
0.14790996784565916
0.14743589743589744
0.14696485623003194
0.1464968152866242
0.14603174603174604
0.14873417721518986
0.14826498422712933
0.14779874213836477
0.14733542319749215
0.146875
0.14641744548286603
0.14596273291925466
0.14551083591331268
0.14814814814814814
0.1476923076923077
0.147239263803681
0.14678899082568808
0.14634146341463414
0.1458966565349544
0.14545454545454545
0.14501510574018128
0.14457831325301204
0.14714714714714713
0.1467065868263473
0.14626865671641792
0.14583333333333334
0.14540059347181009
0.14497041420118342
0.14454277286135694
0.14411764705882352
0.1466275659824047
0.14619883040935672
0.1457725947521866
0.14534883720930233
0.14492753623188406
0.14450867052023122
0.1440922190201729
0.14655172413793102
0.14613180515759314
0.1457142857142857
0.1452991452991453
0.14488636363636365
0.14447592067988668
0.14689265536723164
0.14647887323943662
0.14606741573033707
0.14565826330532214
0.1452513966480447
0.14484679665738162
0.14444444444444443
0.1440443213296399
0.143646408839779
0.14325068870523416
0.14285714285714285
0.14246575342465753
0.14207650273224043
0.14168937329700274
0.14130434782608695
0.14092140921409213
0.14054054054054055
0.14016172506738545
0.13978494623655913
0.13941018766756033
0.13903743315508021
0.13866666666666666
0.13829787234042554
0.13793103448275862
0.13756613756613756
0.13984168865435356
0.1394736842105263
0.13910761154855644
0.1387434554973822
0.13838120104438642
0.13802083333333334
0.13766233766233765
0.13730569948186527
0.13695090439276486
0.13659793814432988
0.13624678663239073
0.1358974358974359
0.13554987212276215
0.13520408163265307
0.13486005089058525
0.13451776649746192
0.1341772151898734
0.13383838383838384
0.13350125944584382
0.13316582914572864
0.13283208020050125
0.1325
0.13216957605985039
0.1318407960199005
0.1315136476426799
0.1311881188118812
0.1308641975308642
0.13054187192118227
0.13022113022113022
0.12990196078431374
0.1295843520782396
0.12926829268292683
0.13138686131386862
0.13106796116504854
0.13075060532687652
0.13043478260869565
0.13012048192771083
0.12980769230769232
0.12949640287769784
0.1291866028708134
0.1288782816229117
0.12857142857142856
0.12826603325415678
0.12796208530805686
0.1276595744680851
0.12735849056603774
0.12705882352941175
0.1267605633802817
0.12646370023419204
0.1261682242990654
0.1258741258741259
0.12790697674418605
0.12761020881670534
0.12731481481481483
0.12702078521939955
0.12672811059907835
0.12643678160919541
0.12614678899082568
0.12585812356979406
0.12557077625570776
0.1275626423690205
0.12727272727272726
0.1292517006802721
0.12895927601809956
0.12866817155756208
0.12837837837837837
0.12808988764044943
0.12780269058295965
0.1297539149888143
0.12946428571428573
0.1291759465478842
0.1288888888888889
0.1286031042128603
0.12831858407079647
0.1280353200883002
0.1277533039647577
0.12747252747252746
0.12719298245614036
0.12691466083150985
0.12663755458515283
0.12636165577342048
0.12608695652173912
0.12581344902386118
0.12554112554112554
0.12526997840172785
0.125
0.12688172043010754
0.12660944206008584
0.12633832976445397
0.12606837606837606
0.1257995735607676
0.1276595744680851
0.12738853503184713
0.1271186440677966
0.12684989429175475
0.12658227848101267
0.12631578947368421
0.12605042016806722
0.12578616352201258
0.12552301255230125
0.12526096033402923
0.125
0.12474012474012475
0.12448132780082988
0.12422360248447205
0.12396694214876033
0.12371134020618557
0.12345679012345678
0.12320328542094455
0.125
0.12474437627811862
0.12653061224489795
0.12627291242362526
0.12601626016260162
0.1257606490872211
0.12550607287449392
0.12525252525252525
0.125
0.12474849094567404
0.12650602409638553
0.12625250501002003
0.126
0.12574850299401197
0.1254980079681275
0.1272365805168986
0.12698412698412698
0.12871287128712872
0.12845849802371542
0.1282051282051282
0.12992125984251968
0.12966601178781925
0.12941176470588237
0.12915851272015655
0.12890625
0.1286549707602339
0.12840466926070038
0.12815533980582525
0.12790697674418605
0.1276595744680851
0.1274131274131274
0.12716763005780346
0.12692307692307692
0.12667946257197696
0.12643678160919541
0.12619502868068833
0.12595419847328243
0.12571428571428572
0.12547528517110265
0.1252371916508539
0.125
0.12476370510396975
0.12452830188679245
0.12617702448210924
0.12593984962406016
0.12570356472795496
0.12734082397003746
0.12710280373831775
0.12686567164179105
0.1266294227188082
0.12639405204460966
0.1261595547309833
0.1259259259259259
0.1256931608133087
0.12546125461254612
0.1252302025782689
0.125
0.12477064220183487
0.12454212454212454
0.12431444241316271
0.12408759124087591
0.12386156648451731
0.12363636363636364
0.12341197822141561
0.12318840579710146
0.12296564195298372
0.12274368231046931
0.12252252252252252
0.12410071942446044
0.12387791741472172
0.12365591397849462
0.12343470483005367
0.12321428571428572
0.12299465240641712
0.12277580071174377
0.12255772646536411
0.12234042553191489
0.12212389380530973
0.12190812720848057
0.12169312169312169
0.12147887323943662
0.12126537785588752
0.12280701754385964
0.12259194395796848
0.12237762237762238
0.12216404886561955
0.12195121951219512
0.12173913043478261
0.12152777777777778
0.12131715771230503
0.12110726643598616
0.12089810017271158
0.1206896551724138
0.12048192771084337
0.12027491408934708
0.12178387650085763
0.12157534246575342
0.12136752136752137
0.12116040955631399
0.12265758091993186
0.12414965986394558
0.12393887945670629
0.12372881355932204
0.12351945854483926
0.12331081081081081
0.12310286677908938
0.12289562289562289
0.1226890756302521
0.12248322147651007
0.12227805695142378
0.12207357859531773
0.12186978297161936
0.12166666666666667
0.12146422628951747
0.1212624584717608
0.12106135986733002
0.12086092715231789
0.1206611570247934
0.12046204620462046
0.12026359143327842
0.12006578947368421
0.11986863711001643
0.11967213114754098
0.11947626841243862
0.119281045751634
0.11908646003262642
0.11889250814332247
0.11869918699186992
0.1185064935064935
0.11831442463533225
0.11812297734627832
0.11954765751211632
0.11935483870967742
0.11916264090177134
0.12057877813504823
0.12038523274478331
0.12179487179487179
0.1216
0.12140575079872204
0.12121212121212122
0.12101910828025478
0.12241653418124006
0.12222222222222222
0.12202852614896989
0.12183544303797468
0.12164296998420221
0.12145110410094637
0.12125984251968504
0.12106918238993711
0.12087912087912088
0.1206896551724138
0.12050078247261346
0.121875
0.12168486739469579
0.12149532710280374
0.12130637636080871
0.12111801242236025
0.12093023255813953
0.12074303405572756
0.1205564142194745
0.12037037037037036
0.12018489984591679
0.12
0.11981566820276497
0.1196319018404908
0.12098009188361408
0.12079510703363915
0.12061068702290076
0.12195121951219512
0.121765601217656
0.12158054711246201
0.12139605462822459
0.12121212121212122
0.12102874432677761
0.12084592145015106
0.12066365007541478
0.12048192771084337
0.12030075187969924
0.12012012012012012
0.1199400299850075
0.11976047904191617
0.11958146487294469
0.11940298507462686
0.11922503725782414
0.11904761904761904
0.1188707280832095
0.11869436201780416
0.11851851851851852
0.11834319526627218
0.11816838995568685
0.11799410029498525
0.11929307805596466
0.11911764705882352
0.11894273127753303
0.1187683284457478
0.11859443631039532
0.11842105263157894
0.11824817518248175
0.11807580174927114
0.11790393013100436
0.11773255813953488
0.11756168359941944
0.11739130434782609
0.11722141823444283
0.11705202312138728
0.11688311688311688
0.11671469740634005
0.11654676258992806
0.11637931034482758
0.11621233859397417
0.11604584527220631
0.11587982832618025
0.11571428571428571
0.11554921540656206
0.11538461538461539
0.11522048364153627
0.11505681818181818
0.1148936170212766
0.11473087818696884
0.11598302687411598
0.11581920903954802
0.11706629055007052
0.11690140845070422
0.11673699015471167
0.11657303370786516
0.11640953716690042
0.11624649859943978
0.11608391608391608
0.11592178770949721
0.11576011157601115
0.11559888579387187
0.11543810848400557
0.11527777777777778
0.11511789181692095
0.11634349030470914
0.11618257261410789
0.11602209944751381
0.11586206896551725
0.11570247933884298
0.1155433287482806
0.11538461538461539
0.11522633744855967
0.11506849315068493
0.11491108071135431
0.11475409836065574
0.1145975443383356
0.11444141689373297
0.11428571428571428
0.11413043478260869
0.11397557666214382
0.11382113821138211
0.11366711772665765
0.11351351351351352
0.11336032388663968
0.11455525606469003
0.11440107671601615
0.11424731182795698
0.11409395973154363
0.11394101876675604
0.11378848728246319
0.11363636363636363
0.11348464619492657
0.11333333333333333
0.11318242343541944
0.11303191489361702
0.11288180610889774
0.11273209549071618
0.11258278145695365
0.11375661375661375
0.11360634081902246
0.11345646437994723
0.11330698287220026
0.11315789473684211
0.11300919842312747
0.11286089238845144
0.11402359108781127
0.11387434554973822
0.11372549019607843
0.11357702349869452
0.11342894393741851
0.11328125
0.11313394018205461
0.11298701298701298
0.11284046692607004
0.11269430051813471
0.11254851228978008
0.1124031007751938
0.11225806451612903
0.11211340206185567
0.11196911196911197
0.11182519280205655
0.1116816431322208
0.11153846153846154
0.11139564660691421
0.11253196930946291
0.1123882503192848
0.11224489795918367
0.11210191082802548
0.11323155216284987
0.11308767471410419
0.11294416243654823
0.11280101394169835
0.11265822784810127
0.1125158027812895
0.11237373737373738
0.11223203026481715
0.11209068010075567
0.1119496855345912
0.11180904522613065
0.11166875784190715
0.11278195488721804
0.11264080100125157
0.11375
0.1136079900124844
0.11346633416458853
0.1133250311332503
0.11318407960199005
0.11304347826086956
0.11290322580645161
0.1127633209417596
0.11262376237623763
0.11248454882571075
0.11234567901234568
0.11220715166461159
0.11206896551724138
0.11193111931119311
0.11179361179361179
0.1116564417177914
0.11151960784313726
0.11138310893512852
0.11124694376528117
0.11233211233211234
0.11219512195121951
0.1120584652862363
0.11192214111922141
0.1117861482381531
0.11165048543689321
0.11272727272727273
0.11259079903147699
0.1124546553808948
0.11231884057971014
0.11218335343787696
0.11204819277108434
0.11191335740072202
0.11177884615384616
0.11164465786314526
0.11151079136690648
0.11137724550898204
0.11124401913875598
0.1111111111111111
0.11097852028639618
0.11084624553039332
0.11071428571428571
0.11058263971462545
0.11045130641330166
0.1103202846975089
0.11018957345971564
0.11005917159763313
0.1099290780141844
0.10979929161747344
0.10966981132075472
0.10954063604240283
0.10941176470588235
0.10928319623971798
0.10915492957746478
0.10902696365767878
0.10889929742388758
0.10994152046783626
0.10981308411214953
0.10968494749124855
0.10955710955710955
0.11059371362048893
0.11046511627906977
0.11149825783972125
0.11136890951276102
0.11123986095017381
0.1111111111111111
0.11098265895953757
0.11085450346420324
0.11072664359861592
0.11059907834101383
0.11047180667433831
0.1103448275862069
0.11021814006888633
0.11009174311926606
0.10996563573883161
0.10983981693363844
0.10971428571428571
0.1095890410958904
0.10946408209806158
0.10933940774487472
0.10921501706484642
0.10909090909090909
0.10896708286038592
0.10884353741496598
0.1087202718006795
0.1085972850678733
0.10847457627118644
0.10835214446952596
0.10822998872604284
0.10810810810810811
0.10798650168728909
0.10786516853932585
0.10774410774410774
0.10874439461883408
0.10862262038073908
0.10850111856823266
0.10837988826815642
0.109375
0.10925306577480491
0.1091314031180401
0.10901001112347053
0.11
0.10987791342952276
0.10975609756097561
0.10963455149501661
0.11061946902654868
0.11049723756906077
0.11037527593818984
0.11025358324145534
0.11013215859030837
0.1111111111111111
0.11098901098901098
0.11086717892425905
0.11074561403508772
0.11062431544359255
0.11050328227571116
0.11038251366120219
0.11026200873362445
0.11123227917121047
0.1111111111111111
0.11099020674646355
0.1108695652173913
0.11074918566775244
0.11062906724511931
0.1105092091007584
0.11038961038961038
0.11027027027027027
0.1101511879049676
0.11003236245954692
0.10991379310344827
0.10979547900968784
0.10967741935483871
0.10955961331901182
0.10944206008583691
0.10932475884244373
0.10920770877944326
0.10909090909090909
0.10897435897435898
0.10885805763073639
0.10874200426439233
0.10862619808306709
0.10851063829787234
0.10839532412327312
0.10828025477707007
0.10816542948038176
0.10805084745762712
0.10793650793650794
0.10782241014799154
0.10770855332629356
0.10759493670886076
0.10748155953635406
0.10736842105263159
0.10725552050473186
0.10714285714285714
0.10703043022035677
0.1069182389937107
0.1068062827225131
0.10669456066945607
0.10658307210031348
0.10647181628392484
0.10636079249217935
0.10625
0.10613943808532779
0.10602910602910603
0.1059190031152648
0.10580912863070539
0.10569948186528498
0.10559006211180125
0.10548086866597725
0.10640495867768596
0.10629514963880289
0.10618556701030928
0.10607621009268794
0.10596707818930041
0.10585817060637205
0.10677618069815195
0.10666666666666667
0.10655737704918032
0.10644831115660185
0.10633946830265849
0.1062308478038815
0.10612244897959183
0.10703363914373089
0.10692464358452139
0.10681586978636826
0.10670731707317073
0.10761421319796954
0.1075050709939148
0.10739614994934144
0.10728744939271255
0.10819009100101112
0.10808080808080808
0.10797174571140263
0.10786290322580645
0.10775427995971802
0.10865191146881288
0.10854271356783919
0.10843373493975904
0.10832497492477432
0.1092184368737475
0.1091091091091091
0.109
0.1088911088911089
