0.5
0.6666666666666666
0.5
0.4
0.5
0.5714285714285714
0.5
0.5555555555555556
0.5
0.5454545454545454
0.5
0.46153846153846156
0.42857142857142855
0.4
0.375
0.35294117647058826
0.3888888888888889
0.3684210526315789
0.35
0.3333333333333333
0.3181818181818182
0.30434782608695654
0.2916666666666667
0.28
0.3076923076923077
0.2962962962962963
0.2857142857142857
0.3103448275862069
0.3333333333333333
0.3225806451612903
0.3125
0.30303030303030304
0.3235294117647059
0.3142857142857143
0.3055555555555556
0.2972972972972973
0.3157894736842105
0.3076923076923077
0.3
0.2926829268292683
0.2857142857142857
0.3023255813953488
0.29545454545454547
0.3111111111111111
0.30434782608695654
0.2978723404255319
0.2916666666666667
0.2857142857142857
0.28
0.27450980392156865
0.2692307692307692
0.2830188679245283
0.2777777777777778
0.2727272727272727
0.26785714285714285
0.2807017543859649
0.27586206896551724
0.2711864406779661
0.26666666666666666
0.26229508196721313
0.25806451612903225
0.25396825396825395
0.25
0.24615384615384617
0.24242424242424243
0.2537313432835821
0.25
0.2463768115942029
0.24285714285714285
0.23943661971830985
0.2361111111111111
0.2328767123287671
0.22972972972972974
0.22666666666666666
0.2236842105263158
0.22077922077922077
0.21794871794871795
0.21518987341772153
0.2125
0.20987654320987653
0.2073170731707317
0.21686746987951808
0.21428571428571427
0.2235294117647059
0.22093023255813954
0.21839080459770116
0.2159090909090909
0.21348314606741572
0.2222222222222222
0.21978021978021978
0.22826086956521738
0.22580645161290322
0.22340425531914893
0.22105263157894736
0.21875
0.21649484536082475
0.21428571428571427
0.21212121212121213
0.21
0.2079207920792079
0.20588235294117646
0.21359223300970873
0.21153846153846154
0.21904761904761905
0.2169811320754717
0.21495327102803738
0.21296296296296297
0.21100917431192662
0.20909090909090908
0.21621621621621623
0.21428571428571427
0.21238938053097345
0.21052631578947367
0.20869565217391303
0.20689655172413793
0.20512820512820512
0.2033898305084746
0.20168067226890757
0.2
0.19834710743801653
0.19672131147540983
0.1951219512195122
0.20161290322580644
0.2
0.1984126984126984
0.1968503937007874
0.1953125
0.1937984496124031
0.2
0.1984732824427481
0.19696969696969696
0.19548872180451127
0.19402985074626866
0.1925925925925926
0.19117647058823528
0.1897810218978102
0.18840579710144928
0.18705035971223022
0.18571428571428572
0.18439716312056736
0.18309859154929578
0.18181818181818182
0.18055555555555555
0.1793103448275862
0.1780821917808219
0.17687074829931973
0.17567567567567569
0.174496644295302
0.17333333333333334
0.17218543046357615
0.17105263157894737
0.16993464052287582
0.16883116883116883
0.16774193548387098
0.16666666666666666
0.16560509554140126
0.16455696202531644
0.16981132075471697
0.16875
0.16770186335403728
0.16666666666666666
0.1656441717791411
0.16463414634146342
0.16363636363636364
0.16265060240963855
0.16167664670658682
0.16071428571428573
0.15976331360946747
0.1588235294117647
0.15789473684210525
0.1569767441860465
0.15606936416184972
0.16091954022988506
0.1657142857142857
0.16477272727272727
0.1638418079096045
0.16292134831460675
0.16201117318435754
0.16111111111111112
0.16022099447513813
0.15934065934065933
0.15846994535519127
0.15760869565217392
0.16216216216216217
0.16129032258064516
0.16042780748663102
0.16489361702127658
0.164021164021164
0.1631578947368421
0.16230366492146597
0.16145833333333334
0.16062176165803108
0.15979381443298968
0.15897435897435896
0.15816326530612246
0.15736040609137056
0.15656565656565657
0.16080402010050251
0.16
0.15920398009950248
0.15841584158415842
0.15763546798029557
0.1568627450980392
0.15609756097560976
0.1553398058252427
0.15458937198067632
0.15384615384615385
0.15311004784688995
0.1523809523809524
0.15165876777251186
0.1509433962264151
0.15023474178403756
0.1542056074766355
0.15348837209302327
0.1527777777777778
0.15207373271889402
0.1559633027522936
0.1552511415525114
0.15454545454545454
0.15384615384615385
0.15315315315315314
0.15246636771300448
0.15178571428571427
0.1511111111111111
0.1504424778761062
0.14977973568281938
0.14912280701754385
0.14847161572052403
0.14782608695652175
0.1471861471861472
0.14655172413793102
0.15021459227467812
0.14957264957264957
0.14893617021276595
0.1483050847457627
0.14767932489451477
0.14705882352941177
0.14644351464435146
0.15
0.14937759336099585
0.15289256198347106
0.1522633744855967
0.15163934426229508
0.1510204081632653
0.15447154471544716
0.15384615384615385
0.1532258064516129
0.15261044176706828
0.152
0.15139442231075698
0.15476190476190477
0.1541501976284585
0.15354330708661418
0.15294117647058825
0.15234375
0.1517509727626459
0.1511627906976744
0.15057915057915058
0.15384615384615385
0.1532567049808429
0.15267175572519084
0.1520912547528517
0.15151515151515152
0.1509433962264151
0.15037593984962405
0.149812734082397
0.14925373134328357
0.1524163568773234
0.15185185185185185
0.15129151291512916
0.15073529411764705
0.15018315018315018
0.14963503649635038
0.14909090909090908
0.14855072463768115
0.148014440433213
0.1474820143884892
0.14695340501792115
0.14642857142857144
0.14590747330960854
0.1453900709219858
0.14487632508833923
0.1443661971830986
0.14385964912280702
0.14335664335664336
0.14285714285714285
0.1423611111111111
0.14186851211072665
0.1413793103448276
0.140893470790378
0.1404109589041096
0.13993174061433447
0.13945578231292516
0.13898305084745763
0.13851351351351351
0.13804713804713806
0.13758389261744966
0.14046822742474915
0.14
0.13953488372093023
0.1390728476821192
0.13861386138613863
0.13815789473684212
0.1377049180327869
0.13725490196078433
0.13680781758957655
0.1396103896103896
0.13915857605177995
0.13870967741935483
0.1382636655948553
0.13782051282051283
0.13738019169329074
0.13694267515923567
0.1365079365079365
0.1360759493670886
0.13564668769716087
0.13522012578616352
0.13793103448275862
0.1375
0.13707165109034267
0.13664596273291926
0.13622291021671826
0.13580246913580246
0.13538461538461538
0.13496932515337423
0.1345565749235474
0.13414634146341464
0.1337386018237082
0.13333333333333333
0.13293051359516617
0.13253012048192772
0.13213213213213212
0.1317365269461078
0.13134328358208955
0.13095238095238096
0.13056379821958458
0.1301775147928994
0.12979351032448377
0.12941176470588237
0.12903225806451613
0.1286549707602339
0.1282798833819242
0.12790697674418605
0.12753623188405797
0.12716763005780346
0.12968299711815562
0.12931034482758622
0.12893982808022922
0.12857142857142856
0.1282051282051282
0.1278409090909091
0.1274787535410765
0.1271186440677966
0.1267605633802817
0.12640449438202248
0.12605042016806722
0.12569832402234637
0.12534818941504178
0.12777777777777777
0.12742382271468145
0.1270718232044199
0.12672176308539945
0.12912087912087913
0.12876712328767123
0.1284153005464481
0.12806539509536785
0.12771739130434784
0.12737127371273713
0.12702702702702703
0.1293800539083558
0.13172043010752688
0.13136729222520108
0.13101604278074866
0.13066666666666665
0.13031914893617022
0.13262599469496023
0.13227513227513227
0.13192612137203166
0.13157894736842105
0.13123359580052493
0.13089005235602094
0.13054830287206268
0.1328125
0.13246753246753246
0.13212435233160622
0.13178294573643412
0.13144329896907217
0.13367609254498714
0.13333333333333333
0.1329923273657289
0.1326530612244898
0.13231552162849872
0.1319796954314721
0.13164556962025317
0.13383838383838384
0.13602015113350127
0.135678391959799
0.13533834586466165
0.135
0.1371571072319202
0.13681592039800994
0.13647642679900746
0.13613861386138615
0.13580246913580246
0.1354679802955665
0.13513513513513514
0.13480392156862744
0.13447432762836187
0.13414634146341464
0.1362530413625304
0.13592233009708737
0.13559322033898305
0.13526570048309178
0.13493975903614458
0.1346153846153846
0.1366906474820144
0.13636363636363635
0.1360381861575179
0.1380952380952381
0.1377672209026128
0.13744075829383887
0.13711583924349882
0.13679245283018868
0.13647058823529412
0.13615023474178403
0.1358313817330211
0.13551401869158877
0.1351981351981352
0.13488372093023257
0.1345707656612529
0.13425925925925927
0.13394919168591224
0.1336405529953917
0.13333333333333333
0.13302752293577982
0.13501144164759726
0.13470319634703196
0.13439635535307518
0.1340909090909091
0.13378684807256236
0.1334841628959276
0.13318284424379231
0.13288288288288289
0.13258426966292136
0.13228699551569506
0.1319910514541387
0.13169642857142858
0.133630289532294
0.13333333333333333
0.1352549889135255
0.13495575221238937
0.1346578366445916
0.1343612334801762
0.13626373626373625
0.13596491228070176
0.13785557986870897
0.13755458515283842
0.13725490196078433
0.13695652173913042
0.13665943600867678
0.13636363636363635
0.13606911447084233
0.13577586206896552
0.13548387096774195
0.1351931330472103
0.1349036402569593
0.1346153846153846
0.13432835820895522
0.13404255319148936
0.1337579617834395
0.13347457627118645
0.1331923890063425
0.13291139240506328
0.13263157894736843
0.1323529411764706
0.13417190775681342
0.13389121338912133
0.1336116910229645
0.13333333333333333
0.13513513513513514
0.13485477178423236
0.13664596273291926
0.13636363636363635
0.1360824742268041
0.13786008230452676
0.1375770020533881
0.13729508196721313
0.13701431492842536
0.13877551020408163
0.14052953156822812
0.1402439024390244
0.13995943204868155
0.1417004048582996
0.1414141414141414
0.14112903225806453
0.14084507042253522
0.14056224899598393
0.1402805611222445
0.14
0.13972055888223553
0.1394422310756972
0.13916500994035785
0.1388888888888889
0.13861386138613863
0.1383399209486166
0.13806706114398423
0.1377952755905512
0.137524557956778
0.13725490196078433
0.136986301369863
0.138671875
0.13840155945419103
0.13813229571984437
0.1378640776699029
0.1375968992248062
0.13733075435203096
0.13706563706563707
0.13680154142581888
0.13653846153846153
0.1362763915547025
0.1360153256704981
0.13575525812619502
0.13549618320610687
0.13523809523809524
0.13498098859315588
0.1347248576850095
0.13446969696969696
0.1342155009451796
0.1339622641509434
0.1337099811676083
0.13345864661654136
0.1350844277673546
0.1348314606741573
0.13457943925233645
0.13432835820895522
0.1340782122905028
0.13382899628252787
0.13358070500927643
0.13333333333333333
0.133086876155268
0.13284132841328414
0.13259668508287292
0.1323529411764706
0.13211009174311927
0.13186813186813187
0.1316270566727605
0.13138686131386862
0.13114754098360656
0.13090909090909092
0.1306715063520871
0.13043478260869565
0.1301989150090416
0.1299638989169675
0.13153153153153152
0.13309352517985612
0.13464991023339318
0.13440860215053763
0.13416815742397137
0.13392857142857142
0.13368983957219252
0.13345195729537365
0.13321492007104796
0.13297872340425532
0.13274336283185842
0.13250883392226148
0.13227513227513227
0.13380281690140844
0.1335676625659051
0.13333333333333333
0.1330998248686515
0.13286713286713286
0.13263525305410123
0.13240418118466898
0.13391304347826086
0.13368055555555555
0.13344887348353554
0.13321799307958476
0.13298791018998274
0.13275862068965516
0.13253012048192772
0.1323024054982818
0.1320754716981132
0.13184931506849315
0.13162393162393163
0.13139931740614336
0.131175468483816
0.13095238095238096
0.13242784380305603
0.13220338983050847
0.1319796954314721
0.13175675675675674
0.1315345699831366
0.13131313131313133
0.13109243697478992
0.13087248322147652
0.1306532663316583
0.13043478260869565
0.1302170283806344
0.13
0.1314475873544093
0.13122923588039867
0.1310116086235489
0.13079470198675497
0.1305785123966942
0.13036303630363036
0.1301482701812191
0.1299342105263158
0.1297208538587849
0.12950819672131147
0.12929623567921442
0.13071895424836602
0.13050570962479607
0.13029315960912052
0.13008130081300814
0.12987012987012986
0.12965964343598055
0.12944983818770225
0.12924071082390953
0.12903225806451613
0.1288244766505636
0.12861736334405144
0.12841091492776885
0.1282051282051282
0.1296
0.12939297124600638
0.1291866028708134
0.12898089171974522
0.1287758346581876
0.12857142857142856
0.12995245641838352
0.12974683544303797
0.12954186413902052
0.12933753943217666
0.12913385826771653
0.1289308176100629
0.12872841444270017
0.12852664576802508
0.12832550860719874
0.128125
0.12792511700468018
0.1277258566978193
0.12752721617418353
0.12732919254658384
0.12713178294573643
0.12693498452012383
0.1267387944358578
0.12654320987654322
0.1263482280431433
0.12615384615384614
0.1259600614439324
0.1273006134969325
0.12710566615620214
0.12691131498470948
0.1267175572519084
0.12652439024390244
0.1263318112633181
0.12613981762917933
0.125948406676783
0.12575757575757576
0.12556732223903178
0.12537764350453173
0.12518853695324283
0.125
0.12481203007518797
0.12462462462462462
0.12443778110944528
0.12425149700598802
0.12406576980568013
0.12388059701492538
0.12369597615499255
0.12351190476190477
0.12332838038632987
0.12314540059347182
0.12444444444444444
0.1242603550295858
0.1240768094534712
0.12389380530973451
0.12371134020618557
0.12352941176470589
0.12334801762114538
0.12316715542521994
0.12298682284040996
0.12280701754385964
0.12262773722627737
0.12244897959183673
0.1222707423580786
0.12209302325581395
0.12191582002902758
0.12173913043478261
0.12156295224312591
0.12138728323699421
0.12121212121212122
0.12103746397694524
0.12086330935251799
0.1206896551724138
0.12051649928263988
0.12034383954154727
0.12017167381974249
0.12
0.11982881597717546
0.11965811965811966
0.11948790896159317
0.11931818181818182
0.11914893617021277
0.12039660056657224
0.12022630834512023
0.12005649717514125
0.11988716502115655
0.11971830985915492
0.11954992967651196
0.11938202247191011
0.11921458625525946
0.11904761904761904
0.11888111888111888
0.11871508379888268
0.11854951185495119
0.11838440111420613
0.11821974965229486
0.11805555555555555
0.11789181692094314
0.11911357340720222
0.11894882434301521
0.11878453038674033
0.11862068965517242
0.1184573002754821
0.11829436038514443
0.11813186813186813
0.11796982167352538
0.11917808219178082
0.11901504787961696
0.11885245901639344
0.11869031377899045
0.11852861035422343
0.11836734693877551
0.11820652173913043
0.11804613297150611
0.11788617886178862
0.11772665764546685
0.11756756756756757
0.11740890688259109
0.11725067385444744
0.11709286675639301
0.11693548387096774
0.11677852348993288
0.11662198391420911
0.11646586345381527
0.1163101604278075
0.11615487316421896
0.116
0.11584553928095873
0.11569148936170212
0.11553784860557768
0.11538461538461539
0.1152317880794702
0.11507936507936507
0.11492734478203434
0.11477572559366754
0.11462450592885376
0.11447368421052631
0.11432325886990802
0.1141732283464567
0.11402359108781127
0.11387434554973822
0.11503267973856209
0.11488250652741515
0.11473272490221642
0.11458333333333333
0.11443433029908973
0.11428571428571428
0.11413748378728923
0.11398963730569948
0.11384217335058215
0.11369509043927649
0.1135483870967742
0.1134020618556701
0.11325611325611326
0.11311053984575835
0.11296534017971759
0.11282051282051282
0.11267605633802817
0.11253196930946291
0.1123882503192848
0.11224489795918367
0.11210191082802548
0.11195928753180662
0.11308767471410419
0.11294416243654823
0.11280101394169835
0.11392405063291139
0.11378002528445007
0.11363636363636363
0.11349306431273644
0.11335012594458438
0.11320754716981132
0.11306532663316583
0.11292346298619825
0.11278195488721804
0.11264080100125157
0.1125
0.11235955056179775
0.11221945137157108
0.11207970112079702
0.11194029850746269
0.11180124223602485
0.11290322580645161
0.1127633209417596
0.11262376237623763
0.11248454882571075
0.11234567901234568
0.11220715166461159
0.11206896551724138
0.11193111931119311
0.11302211302211303
0.11288343558282209
0.11274509803921569
0.11383108935128519
0.1136919315403423
0.11355311355311355
0.11341463414634147
0.11327649208282582
0.11313868613138686
0.11300121506682867
0.11286407766990292
0.11272727272727273
0.11259079903147699
0.1124546553808948
0.11231884057971014
0.11218335343787696
0.11204819277108434
0.11311672683513839
0.11298076923076923
0.11284513805522209
0.11270983213429256
0.1125748502994012
0.11244019138755981
0.11230585424133811
0.11217183770883055
0.11203814064362336
0.11190476190476191
0.1117717003567182
0.11163895486935867
0.11150652431791222
0.11137440758293839
0.11124260355029586
0.1111111111111111
0.11216056670602124
0.11320754716981132
0.11307420494699646
0.11294117647058824
0.1128084606345476
0.11267605633802817
0.11254396248534584
0.11241217798594848
0.11228070175438597
0.11214953271028037
0.11201866977829639
0.11188811188811189
0.11292200232828871
0.11395348837209303
0.11498257839721254
0.1148491879350348
0.11471610660486674
0.11458333333333333
0.11445086705202312
0.11431870669745958
0.11418685121107267
0.11405529953917051
0.11392405063291139
0.11379310344827587
0.11366245694603903
0.11353211009174312
0.1134020618556701
0.11327231121281464
0.11428571428571428
0.1141552511415525
0.11402508551881414
0.11389521640091116
0.11376564277588168
0.11363636363636363
0.11350737797956867
0.11337868480725624
0.11325028312570781
0.11312217194570136
0.11299435028248588
0.11286681715575621
0.11273957158962795
0.11373873873873874
0.11361079865016872
0.11348314606741573
0.11335578002244669
0.1132286995515695
0.11422172452407615
0.11409395973154363
0.11396648044692738
0.11383928571428571
0.11371237458193979
0.11358574610244988
0.11345939933259176
0.11444444444444445
0.11431742508324085
0.11419068736141907
0.11406423034330011
0.11393805309734513
0.1138121546961326
0.11368653421633554
0.11356119073869901
0.11343612334801761
0.11331133113311331
0.11318681318681319
0.11306256860592755
0.11293859649122807
0.11281489594742607
0.11269146608315099
0.11256830601092896
0.11244541484716157
0.11232279171210469
0.11220043572984749
0.11207834602829161
0.11195652173913044
0.11183496199782844
0.11171366594360087
0.11159263271939328
0.11147186147186147
0.11135135135135135
0.11123110151187905
0.1111111111111111
0.11206896551724138
0.11194833153928956
0.11182795698924732
0.11278195488721804
0.11266094420600858
0.11254019292604502
0.11241970021413276
0.11229946524064172
0.11217948717948718
0.11205976520811099
0.11194029850746269
0.11182108626198083
0.1127659574468085
0.1126461211477152
0.11252653927813164
0.11240721102863202
0.11228813559322035
0.11216931216931217
0.11205073995771671
0.1119324181626188
0.11181434599156118
0.11275026343519494
0.11263157894736842
0.11251314405888538
0.11239495798319328
0.11227701993704092
0.11215932914046121
0.11204188481675392
0.11297071129707113
0.11285266457680251
0.1127348643006263
0.11261730969760167
0.1125
0.11238293444328824
0.11330561330561331
0.11318795430944964
0.11307053941908714
0.11295336787564766
0.11283643892339544
0.11271975180972078
0.11260330578512397
0.11248710010319918
0.11237113402061856
0.11225540679711637
0.11213991769547325
0.11202466598150052
0.11190965092402463
0.1117948717948718
0.11168032786885246
0.11156601842374617
0.1114519427402863
0.11133810010214505
0.11122448979591837
0.1111111111111111
0.1109979633401222
0.11088504577822991
0.11178861788617886
0.1116751269035533
0.11156186612576065
0.11144883485309018
0.11234817813765183
0.1122345803842265
0.11212121212121212
0.11200807265388496
0.11189516129032258
0.11178247734138973
0.11167002012072434
0.11155778894472362
0.11144578313253012
0.11133400200601805
0.11222444889779559
0.11211211211211211
0.112
0.11288711288711288
