0.5
0.6666666666666666
0.5
0.6
0.5
0.5714285714285714
0.5
0.4444444444444444
0.4
0.45454545454545453
0.4166666666666667
0.38461538461538464
0.35714285714285715
0.3333333333333333
0.3125
0.29411764705882354
0.2777777777777778
0.2631578947368421
0.25
0.23809523809523808
0.22727272727272727
0.21739130434782608
0.20833333333333334
0.2
0.23076923076923078
0.25925925925925924
0.25
0.27586206896551724
0.26666666666666666
0.25806451612903225
0.28125
0.2727272727272727
0.2647058823529412
0.2857142857142857
0.2777777777777778
0.2702702702702703
0.2631578947368421
0.2564102564102564
0.25
0.24390243902439024
0.23809523809523808
0.2558139534883721
0.25
0.24444444444444444
0.2391304347826087
0.23404255319148937
0.22916666666666666
0.22448979591836735
0.22
0.23529411764705882
0.23076923076923078
0.22641509433962265
0.2222222222222222
0.21818181818181817
0.23214285714285715
0.22807017543859648
0.22413793103448276
0.22033898305084745
0.21666666666666667
0.21311475409836064
0.20967741935483872
0.20634920634920634
0.203125
0.2
0.19696969696969696
0.19402985074626866
0.19117647058823528
0.18840579710144928
0.18571428571428572
0.18309859154929578
0.18055555555555555
0.1780821917808219
0.17567567567567569
0.17333333333333334
0.17105263157894737
0.16883116883116883
0.16666666666666666
0.16455696202531644
0.1625
0.16049382716049382
0.15853658536585366
0.1566265060240964
0.15476190476190477
0.15294117647058825
0.1511627906976744
0.14942528735632185
0.1590909090909091
0.15730337078651685
0.15555555555555556
0.16483516483516483
0.16304347826086957
0.16129032258064516
0.1595744680851064
0.15789473684210525
0.16666666666666666
0.16494845360824742
0.16326530612244897
0.16161616161616163
0.16
0.15841584158415842
0.1568627450980392
0.1553398058252427
0.15384615384615385
0.1523809523809524
0.1509433962264151
0.14953271028037382
0.14814814814814814
0.1559633027522936
0.15454545454545454
0.15315315315315314
0.15178571428571427
0.1592920353982301
0.16666666666666666
0.16521739130434782
0.1724137931034483
0.17094017094017094
0.1694915254237288
0.16806722689075632
0.16666666666666666
0.1652892561983471
0.16393442622950818
0.17073170731707318
0.1693548387096774
0.168
0.16666666666666666
0.16535433070866143
0.1640625
0.16279069767441862
0.16153846153846155
0.16030534351145037
0.1590909090909091
0.15789473684210525
0.15671641791044777
0.15555555555555556
0.15441176470588236
0.15328467153284672
0.15217391304347827
0.1510791366906475
0.15
0.14893617021276595
0.14788732394366197
0.14685314685314685
0.14583333333333334
0.14482758620689656
0.14383561643835616
0.14285714285714285
0.14189189189189189
0.14093959731543623
0.14
0.1390728476821192
0.13815789473684212
0.1437908496732026
0.14285714285714285
0.14193548387096774
0.14102564102564102
0.14012738853503184
0.13924050632911392
0.14465408805031446
0.14375
0.14906832298136646
0.14814814814814814
0.147239263803681
0.14634146341463414
0.15151515151515152
0.1566265060240964
0.15568862275449102
0.15476190476190477
0.15384615384615385
0.15294117647058825
0.15204678362573099
0.1511627906976744
0.15028901734104047
0.14942528735632185
0.14857142857142858
0.1534090909090909
0.15819209039548024
0.15730337078651685
0.1564245810055866
0.15555555555555556
0.16022099447513813
0.15934065934065933
0.15846994535519127
0.15760869565217392
0.16216216216216217
0.16129032258064516
0.16042780748663102
0.1595744680851064
0.15873015873015872
0.15789473684210525
0.15706806282722513
0.15625
0.15544041450777202
0.15463917525773196
0.15384615384615385
0.15306122448979592
0.15228426395939088
0.15656565656565657
0.15577889447236182
0.155
0.15422885572139303
0.15346534653465346
0.15270935960591134
0.15196078431372548
0.15121951219512195
0.1553398058252427
0.15458937198067632
0.15384615384615385
0.15311004784688995
0.1523809523809524
0.15165876777251186
0.1509433962264151
0.15023474178403756
0.14953271028037382
0.14883720930232558
0.14814814814814814
0.14746543778801843
0.14678899082568808
0.1461187214611872
0.15
0.15384615384615385
0.15315315315315314
0.15246636771300448
0.15178571428571427
0.1511111111111111
0.1504424778761062
0.14977973568281938
0.14912280701754385
0.14847161572052403
0.14782608695652175
0.1471861471861472
0.14655172413793102
0.15021459227467812
0.14957264957264957
0.14893617021276595
0.1483050847457627
0.1518987341772152
0.15126050420168066
0.1506276150627615
0.15
0.14937759336099585
0.1487603305785124
0.14814814814814814
0.14754098360655737
0.1510204081632653
0.15040650406504066
0.14979757085020243
0.14919354838709678
0.14859437751004015
0.148
0.14741035856573706
0.14682539682539683
0.14624505928853754
0.14566929133858267
0.1450980392156863
0.1484375
0.1517509727626459
0.1511627906976744
0.15057915057915058
0.15
0.14942528735632185
0.14885496183206107
0.1482889733840304
0.14772727272727273
0.1471698113207547
0.14661654135338345
0.14606741573033707
0.1455223880597015
0.1449814126394052
0.14444444444444443
0.14391143911439114
0.14338235294117646
0.14285714285714285
0.14233576642335766
0.14181818181818182
0.14130434782608695
0.1407942238267148
0.14028776978417265
0.13978494623655913
0.1392857142857143
0.1387900355871886
0.13829787234042554
0.13780918727915195
0.14084507042253522
0.14035087719298245
0.13986013986013987
0.13937282229965156
0.1388888888888889
0.14186851211072665
0.1413793103448276
0.140893470790378
0.1404109589041096
0.13993174061433447
0.13945578231292516
0.13898305084745763
0.14189189189189189
0.1414141414141414
0.14093959731543623
0.14381270903010032
0.14333333333333334
0.14285714285714285
0.1456953642384106
0.14521452145214522
0.14802631578947367
0.14754098360655737
0.14705882352941177
0.1465798045602606
0.14935064935064934
0.1488673139158576
0.14838709677419354
0.15112540192926044
0.15064102564102563
0.15335463258785942
0.15286624203821655
0.1523809523809524
0.1518987341772152
0.15141955835962145
0.1509433962264151
0.15047021943573669
0.15
0.1526479750778816
0.15217391304347827
0.15170278637770898
0.15123456790123457
0.15076923076923077
0.15030674846625766
0.14984709480122324
0.14939024390243902
0.14893617021276595
0.1484848484848485
0.14803625377643503
0.14759036144578314
0.14714714714714713
0.1497005988023952
0.14925373134328357
0.1488095238095238
0.14836795252225518
0.14792899408284024
0.14749262536873156
0.14705882352941177
0.1466275659824047
0.14619883040935672
0.1457725947521866
0.14534883720930233
0.14492753623188406
0.14450867052023122
0.1440922190201729
0.14367816091954022
0.14326647564469913
0.14285714285714285
0.14245014245014245
0.14204545454545456
0.141643059490085
0.14124293785310735
0.14366197183098592
0.14325842696629212
0.14285714285714285
0.1424581005586592
0.14206128133704735
0.14166666666666666
0.14127423822714683
0.1408839779005525
0.14049586776859505
0.1401098901098901
0.13972602739726028
0.13934426229508196
0.13896457765667575
0.14130434782608695
0.14092140921409213
0.14054054054054055
0.14016172506738545
0.13978494623655913
0.13941018766756033
0.13903743315508021
0.13866666666666666
0.13829787234042554
0.13793103448275862
0.13756613756613756
0.13720316622691292
0.1394736842105263
0.13910761154855644
0.1387434554973822
0.13838120104438642
0.13802083333333334
0.13766233766233765
0.13730569948186527
0.13695090439276486
0.13659793814432988
0.13624678663239073
0.1358974358974359
0.13554987212276215
0.1377551020408163
0.13740458015267176
0.13705583756345177
0.13670886075949368
0.13636363636363635
0.13602015113350127
0.135678391959799
0.13533834586466165
0.135
0.13466334164588528
0.13432835820895522
0.13399503722084366
0.13366336633663367
0.13333333333333333
0.1330049261083744
0.13267813267813267
0.1323529411764706
0.13202933985330073
0.13170731707317074
0.13138686131386862
0.13106796116504854
0.13317191283292978
0.13285024154589373
0.13253012048192772
0.13221153846153846
0.1342925659472422
0.13636363636363635
0.1360381861575179
0.1357142857142857
0.13539192399049882
0.13507109004739337
0.13711583924349882
0.13679245283018868
0.13647058823529412
0.13615023474178403
0.1358313817330211
0.13551401869158877
0.1351981351981352
0.1372093023255814
0.1368909512761021
0.13657407407407407
0.13625866050808313
0.1359447004608295
0.135632183908046
0.1353211009174312
0.13729977116704806
0.136986301369863
0.13895216400911162
0.1409090909090909
0.14058956916099774
0.14027149321266968
0.1399548532731377
0.13963963963963963
0.1393258426966292
0.13901345291479822
0.14093959731543623
0.140625
0.1403118040089087
0.14
0.13968957871396895
0.13938053097345132
0.1390728476821192
0.13876651982378854
0.13846153846153847
0.13815789473684212
0.13785557986870897
0.13755458515283842
0.13725490196078433
0.13695652173913042
0.13665943600867678
0.13636363636363635
0.13606911447084233
0.13577586206896552
0.13548387096774195
0.1351931330472103
0.1349036402569593
0.1346153846153846
0.13432835820895522
0.13404255319148936
0.1337579617834395
0.13347457627118645
0.1331923890063425
0.1350210970464135
0.13473684210526315
0.13445378151260504
0.13417190775681342
0.13389121338912133
0.1336116910229645
0.13333333333333333
0.13305613305613306
0.13278008298755187
0.13250517598343686
0.1322314049586777
0.13195876288659794
0.13168724279835392
0.13141683778234087
0.13114754098360656
0.130879345603272
0.1306122448979592
0.13034623217922606
0.13008130081300814
0.12981744421906694
0.13157894736842105
0.13131313131313133
0.1310483870967742
0.13078470824949698
0.13253012048192772
0.13226452905811623
0.132
0.1317365269461078
0.13147410358565736
0.1312127236580517
0.13095238095238096
0.1306930693069307
0.13043478260869565
0.1301775147928994
0.12992125984251968
0.12966601178781925
0.12941176470588237
0.12915851272015655
0.12890625
0.13060428849902533
0.1303501945525292
0.13009708737864079
0.1298449612403101
0.12959381044487428
0.12934362934362933
0.12909441233140656
0.12884615384615383
0.12859884836852206
0.12835249042145594
0.13001912045889102
0.1297709923664122
0.1295238095238095
0.12927756653992395
0.12903225806451613
0.12878787878787878
0.1285444234404537
0.12830188679245283
0.128060263653484
0.12781954887218044
0.1275797373358349
0.12734082397003746
0.12710280373831775
0.12686567164179105
0.1266294227188082
0.12639405204460966
0.1261595547309833
0.1259259259259259
0.1256931608133087
0.12546125461254612
0.1252302025782689
0.12683823529411764
0.12660550458715597
0.1282051282051282
0.12797074954296161
0.12773722627737227
0.12750455373406194
0.12727272727272726
0.12704174228675136
0.12681159420289856
0.12658227848101267
0.1263537906137184
0.12612612612612611
0.12589928057553956
0.12567324955116696
0.12544802867383512
0.1252236135957066
0.125
0.12477718360071301
0.12455516014234876
0.1261101243339254
0.12588652482269502
0.1256637168141593
0.1254416961130742
0.12698412698412698
0.12852112676056338
0.1282952548330404
0.1280701754385965
0.12784588441331
0.12762237762237763
0.1273996509598604
0.12717770034843207
0.12695652173913044
0.1267361111111111
0.1265164644714038
0.12629757785467127
0.12607944732297063
0.12586206896551724
0.12564543889845095
0.12714776632302405
0.1269296740994854
0.1267123287671233
0.1264957264957265
0.12627986348122866
0.1260647359454855
0.12585034013605442
0.12563667232597622
0.1271186440677966
0.12690355329949238
0.1266891891891892
0.1281618887015177
0.12794612794612795
0.12773109243697478
0.12751677852348994
0.1273031825795645
0.12709030100334448
0.12687813021702837
0.12666666666666668
0.1264559068219634
0.12624584717607973
0.12603648424543948
0.12582781456953643
0.1256198347107438
0.1254125412541254
0.12520593080724876
0.12664473684210525
0.12643678160919541
0.12622950819672132
0.1260229132569558
0.12581699346405228
0.12561174551386622
0.1270358306188925
0.12682926829268293
0.1266233766233766
0.12641815235008103
0.1262135922330097
0.12762520193861066
0.12741935483870967
0.1288244766505636
0.12861736334405144
0.12841091492776885
0.1282051282051282
0.128
0.12939297124600638
0.1291866028708134
0.12898089171974522
0.1287758346581876
0.12857142857142856
0.12836767036450078
0.1281645569620253
0.12796208530805686
0.1277602523659306
0.12755905511811025
0.12735849056603774
0.1271585557299843
0.12852664576802508
0.1298904538341158
0.1296875
0.1294851794071763
0.1292834890965732
0.1290824261275272
0.12888198757763975
0.12868217054263567
0.12848297213622292
0.12828438948995363
0.12808641975308643
0.12788906009244994
0.1276923076923077
0.12749615975422426
0.1273006134969325
0.12710566615620214
0.12691131498470948
0.1267175572519084
0.12652439024390244
0.1263318112633181
0.12613981762917933
0.125948406676783
0.12575757575757576
0.12708018154311648
0.1268882175226586
0.12669683257918551
0.12650602409638553
0.12631578947368421
0.12612612612612611
0.12593703148425786
0.12574850299401197
0.12556053811659193
0.1253731343283582
0.12518628912071536
0.125
0.12481426448736999
0.12462908011869436
0.12444444444444444
0.1242603550295858
0.1240768094534712
0.12389380530973451
0.12371134020618557
0.12352941176470589
0.12334801762114538
0.12316715542521994
0.12298682284040996
0.12280701754385964
0.12262773722627737
0.12244897959183673
0.12372634643377002
0.12354651162790697
0.12336719883889695
0.12318840579710146
0.12301013024602026
0.12283236994219653
0.12265512265512266
0.12247838616714697
0.1223021582733813
0.1221264367816092
0.12195121951219512
0.12177650429799428
0.12160228898426323
0.12285714285714286
0.12268188302425106
0.1225071225071225
0.12233285917496443
0.12357954545454546
0.12340425531914893
0.12322946175637393
0.12305516265912306
0.1228813559322034
0.1227080394922426
0.12253521126760564
0.12236286919831224
0.12219101123595505
0.12201963534361851
0.12184873949579832
0.12307692307692308
0.12290502793296089
0.12273361227336123
0.12256267409470752
0.12239221140472879
0.12222222222222222
0.12205270457697642
0.12188365650969529
0.12171507607192254
0.12154696132596685
0.12137931034482759
0.12121212121212122
0.12104539202200826
0.12087912087912088
0.12071330589849108
0.12054794520547946
0.12038303693570451
0.12021857923497267
0.12005457025920874
0.11989100817438691
0.11972789115646258
0.11956521739130435
0.11940298507462686
0.11924119241192412
0.11907983761840325
0.11891891891891893
0.11875843454790823
0.11859838274932614
0.11843876177658143
0.11827956989247312
0.11812080536912752
0.11796246648793565
0.11780455153949129
0.11764705882352941
0.11748998664886515
0.11866666666666667
0.118508655126498
0.11835106382978723
0.11819389110225764
0.11803713527851459
0.11788079470198676
0.11772486772486772
0.11756935270805813
0.11741424802110818
0.11725955204216074
0.11710526315789474
0.11695137976346912
0.1167979002624672
0.11664482306684142
0.11649214659685864
0.11633986928104575
0.11618798955613577
0.11603650586701435
0.11588541666666667
0.11573472041612484
0.11688311688311688
0.11673151750972763
0.11658031088082901
0.11642949547218628
0.11627906976744186
0.11612903225806452
0.11597938144329897
0.11583011583011583
0.11568123393316196
0.11553273427471117
0.11538461538461539
0.11523687580025609
0.11508951406649616
0.11494252873563218
0.11479591836734694
0.11464968152866242
0.11450381679389313
0.11435832274459974
0.11548223350253807
0.11533586818757921
0.11518987341772152
0.11504424778761062
0.1148989898989899
0.11475409836065574
0.11460957178841309
0.11446540880503145
0.11557788944723618
0.11543287327478043
0.11528822055137844
0.11514392991239049
0.11625
0.11610486891385768
0.11596009975062344
0.11581569115815692
0.11567164179104478
0.115527950310559
0.11538461538461539
0.11648079306071871
0.11633663366336634
0.1161928306551298
0.11604938271604938
0.1159062885326757
0.11699507389162561
0.11685116851168512
0.1167076167076167
0.1165644171779141
0.11642156862745098
0.11627906976744186
0.11613691931540342
0.115995115995116
0.11585365853658537
0.11571254567600488
0.11557177615571776
0.11543134872417983
0.11650485436893204
0.11636363636363636
0.1162227602905569
0.11729141475211609
0.11714975845410629
0.11700844390832328
0.1180722891566265
0.11793020457280386
0.11778846153846154
0.11764705882352941
0.11870503597122302
0.118562874251497
0.11842105263157894
0.11947431302270012
0.11933174224343675
0.11918951132300358
0.11904761904761904
0.11890606420927467
0.1187648456057007
0.11862396204033215
0.11848341232227488
0.11834319526627218
0.1182033096926714
0.1180637544273908
0.1179245283018868
0.11778563015312132
0.11764705882352941
0.11750881316098707
0.11737089201877934
0.11723329425556858
0.117096018735363
0.11695906432748537
0.11682242990654206
0.11668611435239207
0.11655011655011654
0.11641443538998836
0.11627906976744186
0.11614401858304298
0.11600928074245939
0.11587485515643106
0.11574074074074074
0.11560693641618497
0.11547344110854503
0.11534025374855825
0.11635944700460829
0.11622554660529344
0.11609195402298851
0.11595866819747416
0.1158256880733945
0.1156930126002291
0.11556064073226545
0.11542857142857142
0.11529680365296803
0.11516533637400228
0.11503416856492027
0.11604095563139932
0.1159090909090909
0.11577752553916004
0.11564625850340136
0.11551528878822197
0.11538461538461539
0.1152542372881356
0.1162528216704289
0.1161217587373168
0.11711711711711711
0.11698537682789652
0.11685393258426967
0.11672278338945005
0.11771300448430494
0.11758118701007839
0.1174496644295302
0.11731843575418995
0.1171875
0.11705685618729098
0.11804008908685969
0.11902113459399333
0.11888888888888889
0.11986681465038845
0.1197339246119734
0.11960132890365449
0.11946902654867257
0.11933701657458563
0.11920529801324503
0.11907386990077178
0.12004405286343613
0.12101210121012101
0.12087912087912088
0.1207464324917673
0.1206140350877193
0.12048192771084337
0.12035010940919037
0.12021857923497267
0.12008733624454149
0.11995637949836423
0.11982570806100218
0.11969532100108814
0.11956521739130435
0.11943539630836048
0.1193058568329718
0.11917659804983749
0.11904761904761904
0.11891891891891893
0.11879049676025918
0.1186623516720604
0.11853448275862069
0.11840688912809473
0.11827956989247312
0.11815252416756176
0.11802575107296137
0.11789924973204716
0.11777301927194861
0.11764705882352941
0.11752136752136752
0.11739594450373532
0.11727078891257996
0.11714589989350373
0.11702127659574468
0.11689691817215728
0.11677282377919321
0.11664899257688228
0.11652542372881355
0.1164021164021164
0.11733615221987315
0.11721224920802534
0.11708860759493671
0.11696522655426765
0.1168421052631579
0.1167192429022082
0.11659663865546219
0.11647429171038824
0.11635220125786164
0.1162303664921466
0.11610878661087866
0.11598746081504702
0.11586638830897704
0.11574556830031282
0.115625
0.11550468262226847
0.11538461538461539
0.11526479750778816
0.11618257261410789
0.11709844559585492
0.11697722567287784
0.11685625646328852
0.11776859504132231
0.11764705882352941
0.11752577319587629
0.11740473738414006
0.11728395061728394
0.1171634121274409
0.11704312114989733
0.11692307692307692
0.1168032786885246
0.11668372569089049
0.1165644171779141
0.11644535240040858
0.11632653061224489
0.11722731906218145
0.11710794297352342
0.11698880976602238
0.11686991869918699
0.116751269035533
0.11663286004056796
0.11651469098277609
0.11639676113360324
0.11627906976744186
0.11616161616161616
0.11604439959636731
0.1159274193548387
0.11581067472306143
0.11569416498993963
0.11557788944723618
0.11546184738955824
0.11534603811434303
0.11523046092184369
0.11511511511511512
0.115
0.11488511488511488
