0.5
0.3333333333333333
0.25
0.2
0.3333333333333333
0.2857142857142857
0.375
0.3333333333333333
0.4
0.36363636363636365
0.3333333333333333
0.3076923076923077
0.35714285714285715
0.3333333333333333
0.3125
0.29411764705882354
0.2777777777777778
0.2631578947368421
0.25
0.23809523809523808
0.2727272727272727
0.30434782608695654
0.2916666666666667
0.28
0.2692307692307692
0.25925925925925924
0.25
0.2413793103448276
0.23333333333333334
0.22580645161290322
0.21875
0.21212121212121213
0.20588235294117646
0.2
0.19444444444444445
0.1891891891891892
0.18421052631578946
0.1794871794871795
0.175
0.1951219512195122
0.21428571428571427
0.20930232558139536
0.22727272727272727
0.2222222222222222
0.21739130434782608
0.2127659574468085
0.20833333333333334
0.20408163265306123
0.2
0.21568627450980393
0.21153846153846154
0.20754716981132076
0.2037037037037037
0.2
0.19642857142857142
0.19298245614035087
0.1896551724137931
0.2033898305084746
0.2
0.19672131147540983
0.1935483870967742
0.19047619047619047
0.1875
0.18461538461538463
0.18181818181818182
0.1791044776119403
0.17647058823529413
0.17391304347826086
0.17142857142857143
0.18309859154929578
0.18055555555555555
0.1780821917808219
0.17567567567567569
0.18666666666666668
0.18421052631578946
0.18181818181818182
0.1794871794871795
0.17721518987341772
0.175
0.1728395061728395
0.17073170731707318
0.1686746987951807
0.16666666666666666
0.16470588235294117
0.16279069767441862
0.16091954022988506
0.1590909090909091
0.16853932584269662
0.16666666666666666
0.16483516483516483
0.16304347826086957
0.16129032258064516
0.1702127659574468
0.16842105263157894
0.16666666666666666
0.16494845360824742
0.16326530612244897
0.1717171717171717
0.18
0.1782178217821782
0.17647058823529413
0.17475728155339806
0.17307692307692307
0.17142857142857143
0.16981132075471697
0.16822429906542055
0.17592592592592593
0.1743119266055046
0.17272727272727273
0.17117117117117117
0.16964285714285715
0.168141592920354
0.16666666666666666
0.16521739130434782
0.16379310344827586
0.17094017094017094
0.1694915254237288
0.16806722689075632
0.175
0.17355371900826447
0.1721311475409836
0.17886178861788618
0.1774193548387097
0.176
0.1746031746031746
0.1732283464566929
0.171875
0.17054263565891473
0.17692307692307693
0.17557251908396945
0.17424242424242425
0.17293233082706766
0.17164179104477612
0.17037037037037037
0.16911764705882354
0.1678832116788321
0.16666666666666666
0.16546762589928057
0.16428571428571428
0.16312056737588654
0.16901408450704225
0.16783216783216784
0.16666666666666666
0.16551724137931034
0.1643835616438356
0.16326530612244897
0.16216216216216217
0.1610738255033557
0.16
0.15894039735099338
0.15789473684210525
0.1568627450980392
0.15584415584415584
0.15483870967741936
0.15384615384615385
0.15286624203821655
0.1518987341772152
0.1509433962264151
0.15
0.14906832298136646
0.14814814814814814
0.147239263803681
0.14634146341463414
0.14545454545454545
0.14457831325301204
0.1437125748502994
0.14285714285714285
0.14201183431952663
0.1411764705882353
0.14035087719298245
0.13953488372093023
0.13872832369942195
0.13793103448275862
0.13714285714285715
0.13636363636363635
0.13559322033898305
0.1348314606741573
0.1340782122905028
0.13333333333333333
0.13259668508287292
0.13736263736263737
0.14207650273224043
0.14130434782608695
0.14054054054054055
0.13978494623655913
0.13903743315508021
0.13829787234042554
0.13756613756613756
0.1368421052631579
0.13612565445026178
0.13541666666666666
0.13989637305699482
0.13917525773195877
0.14358974358974358
0.14285714285714285
0.14213197969543148
0.1414141414141414
0.1407035175879397
0.14
0.13930348258706468
0.13861386138613863
0.13793103448275862
0.13725490196078433
0.13658536585365855
0.13592233009708737
0.14009661835748793
0.13942307692307693
0.13875598086124402
0.1380952380952381
0.13744075829383887
0.13679245283018868
0.13615023474178403
0.14018691588785046
0.13953488372093023
0.1388888888888889
0.1382488479262673
0.13761467889908258
0.136986301369863
0.13636363636363635
0.13574660633484162
0.13513513513513514
0.13452914798206278
0.13392857142857142
0.13777777777777778
0.13716814159292035
0.13656387665198239
0.13596491228070176
0.13537117903930132
0.13478260869565217
0.1341991341991342
0.1336206896551724
0.13304721030042918
0.13247863247863248
0.13191489361702127
0.13135593220338984
0.1308016877637131
0.13025210084033614
0.1297071129707113
0.12916666666666668
0.12863070539419086
0.128099173553719
0.12757201646090535
0.12704918032786885
0.12653061224489795
0.12601626016260162
0.12550607287449392
0.12903225806451613
0.1285140562248996
0.128
0.12749003984063745
0.12698412698412698
0.12648221343873517
0.12598425196850394
0.12549019607843137
0.125
0.1245136186770428
0.12403100775193798
0.12355212355212356
0.12307692307692308
0.12260536398467432
0.12595419847328243
0.12547528517110265
0.125
0.12452830188679245
0.12406015037593984
0.12359550561797752
0.12686567164179105
0.12639405204460966
0.1259259259259259
0.12546125461254612
0.125
0.12454212454212454
0.12408759124087591
0.12363636363636364
0.12318840579710146
0.12274368231046931
0.1223021582733813
0.12186379928315412
0.12142857142857143
0.12099644128113879
0.12056737588652482
0.12014134275618374
0.11971830985915492
0.11929824561403508
0.11888111888111888
0.11846689895470383
0.11805555555555555
0.11764705882352941
0.11724137931034483
0.11683848797250859
0.11986301369863013
0.11945392491467577
0.11904761904761904
0.12203389830508475
0.12162162162162163
0.12121212121212122
0.12080536912751678
0.12040133779264214
0.12
0.11960132890365449
0.11920529801324503
0.1188118811881188
0.11842105263157894
0.1180327868852459
0.11764705882352941
0.11726384364820847
0.11688311688311688
0.11650485436893204
0.11935483870967742
0.1189710610932476
0.11858974358974358
0.12140575079872204
0.12101910828025478
0.12063492063492064
0.12025316455696203
0.11987381703470032
0.12264150943396226
0.12225705329153605
0.121875
0.12149532710280374
0.12111801242236025
0.12074303405572756
0.12037037037037036
0.12
0.1196319018404908
0.11926605504587157
0.11890243902439024
0.11854103343465046
0.12121212121212122
0.12084592145015106
0.12048192771084337
0.12012012012012012
0.11976047904191617
0.11940298507462686
0.12202380952380952
0.12166172106824925
0.12130177514792899
0.12389380530973451
0.12352941176470589
0.12316715542521994
0.12280701754385964
0.12536443148688048
0.125
0.1246376811594203
0.12427745664739884
0.1239193083573487
0.1235632183908046
0.12320916905444126
0.12285714285714286
0.1225071225071225
0.12215909090909091
0.12181303116147309
0.12146892655367232
0.12394366197183099
0.12359550561797752
0.12324929971988796
0.12290502793296089
0.12256267409470752
0.12222222222222222
0.12188365650969529
0.12154696132596685
0.12121212121212122
0.12087912087912088
0.12054794520547946
0.12021857923497267
0.11989100817438691
0.11956521739130435
0.11924119241192412
0.11891891891891893
0.12129380053908356
0.12096774193548387
0.12064343163538874
0.12032085561497326
0.12266666666666666
0.12234042553191489
0.1220159151193634
0.12169312169312169
0.12137203166226913
0.12368421052631579
0.12598425196850394
0.1256544502617801
0.12532637075718014
0.125
0.12467532467532468
0.12435233160621761
0.12403100775193798
0.12371134020618557
0.12339331619537275
0.12307692307692308
0.12531969309462915
0.125
0.12468193384223919
0.12436548223350254
0.1240506329113924
0.12626262626262627
0.12594458438287154
0.12562814070351758
0.12531328320802004
0.125
0.12468827930174564
0.12437810945273632
0.12406947890818859
0.12376237623762376
0.12345679012345678
0.12315270935960591
0.12285012285012285
0.12254901960784313
0.12224938875305623
0.12195121951219512
0.12408759124087591
0.12378640776699029
0.1234866828087167
0.12318840579710146
0.12289156626506025
0.12259615384615384
0.1223021582733813
0.12440191387559808
0.12410501193317422
0.12380952380952381
0.12351543942992874
0.12559241706161137
0.12529550827423167
0.125
0.12470588235294118
0.12441314553990611
0.12412177985948478
0.12383177570093458
0.12354312354312354
0.12325581395348838
0.12529002320185614
0.125
0.12471131639722864
0.12442396313364056
0.12413793103448276
0.12614678899082568
0.12585812356979406
0.12557077625570776
0.1252847380410023
0.125
0.12698412698412698
0.12669683257918551
0.12641083521444696
0.12612612612612611
0.1258426966292135
0.12556053811659193
0.12527964205816555
0.125
0.12472160356347439
0.12444444444444444
0.12416851441241686
0.12389380530973451
0.12362030905077263
0.12555066079295155
0.12527472527472527
0.125
0.12472647702407003
0.12445414847161572
0.12418300653594772
0.12608695652173912
0.12581344902386118
0.12554112554112554
0.12526997840172785
0.1271551724137931
0.12688172043010754
0.12660944206008584
0.12633832976445397
0.12606837606837606
0.1279317697228145
0.1276595744680851
0.12738853503184713
0.1271186440677966
0.12684989429175475
0.12658227848101267
0.12631578947368421
0.12605042016806722
0.12578616352201258
0.12552301255230125
0.12734864300626306
0.12916666666666668
0.1288981288981289
0.12863070539419086
0.12836438923395446
0.128099173553719
0.12783505154639174
0.12757201646090535
0.1273100616016427
0.12704918032786885
0.12678936605316973
0.12857142857142856
0.12830957230142567
0.12804878048780488
0.12778904665314403
0.12955465587044535
0.1292929292929293
0.12903225806451613
0.12877263581488935
0.1285140562248996
0.1282565130260521
0.128
0.1277445109780439
0.12749003984063745
0.12922465208747516
0.12896825396825398
0.12871287128712872
0.12845849802371542
0.1282051282051282
0.1279527559055118
0.12770137524557956
0.12745098039215685
0.12720156555772993
0.12890625
0.1286549707602339
0.1303501945525292
0.13009708737864079
0.1298449612403101
0.12959381044487428
0.12934362934362933
0.12909441233140656
0.12884615384615383
0.12859884836852206
0.13026819923371646
0.13001912045889102
0.1297709923664122
0.1295238095238095
0.1311787072243346
0.13092979127134724
0.13068181818181818
0.13043478260869565
0.13018867924528302
0.12994350282485875
0.12969924812030076
0.1294559099437148
0.12921348314606743
0.12897196261682242
0.1287313432835821
0.12849162011173185
0.12825278810408922
0.12987012987012986
0.12962962962962962
0.12939001848428835
0.13099630996309963
0.13075506445672191
0.13051470588235295
0.13027522935779817
0.13003663003663005
0.1316270566727605
0.13138686131386862
0.13114754098360656
0.13090909090909092
0.1306715063520871
0.13043478260869565
0.13200723327305605
0.13176895306859207
0.13153153153153152
0.13129496402877697
0.1310592459605027
0.13082437275985664
0.13059033989266547
0.13035714285714287
0.13012477718360071
0.1298932384341637
0.12966252220248667
0.12943262411347517
0.12920353982300886
0.12897526501766785
0.13051146384479717
0.13028169014084506
0.13005272407732865
0.12982456140350876
0.1295971978984238
0.13111888111888112
0.13089005235602094
0.13066202090592335
0.13043478260869565
0.13020833333333334
0.1317157712305026
0.1314878892733564
0.13126079447322972
0.1310344827586207
0.13080895008605853
0.13058419243986255
0.13036020583190394
0.13013698630136986
0.13162393162393163
0.13310580204778158
0.13287904599659284
0.1326530612244898
0.13242784380305603
0.13220338983050847
0.1319796954314721
0.13175675675675674
0.1315345699831366
0.13131313131313133
0.13109243697478992
0.13087248322147652
0.1306532663316583
0.13043478260869565
0.1318864774624374
0.13166666666666665
0.1314475873544093
0.13122923588039867
0.1310116086235489
0.13079470198675497
0.1305785123966942
0.13036303630363036
0.1301482701812191
0.1299342105263158
0.1297208538587849
0.12950819672131147
0.12929623567921442
0.12908496732026145
0.12887438825448613
0.12866449511400652
0.12845528455284552
0.12824675324675325
0.1280388978930308
0.127831715210356
0.12762520193861066
0.12741935483870967
0.12721417069243157
0.1270096463022508
0.12680577849117175
0.1266025641025641
0.1264
0.12619808306709265
0.12599681020733652
0.12579617834394904
0.12559618441971382
0.1253968253968254
0.12519809825673534
0.125
0.12480252764612954
0.12460567823343849
0.12440944881889764
0.12421383647798742
0.12401883830455258
0.1238244514106583
0.12363067292644757
0.1234375
0.12324492979719189
0.12305295950155763
0.12286158631415241
0.12267080745341614
0.12248062015503876
0.12229102167182662
0.12210200927357033
0.12191358024691358
0.12172573189522343
0.12153846153846154
0.12135176651305683
0.12116564417177914
0.12098009188361408
0.12079510703363915
0.12061068702290076
0.12042682926829268
0.1202435312024353
0.12006079027355623
0.11987860394537178
0.11969696969696969
0.11951588502269289
0.11933534743202417
0.12066365007541478
0.12048192771084337
0.12030075187969924
0.12012012012012012
0.1199400299850075
0.11976047904191617
0.11958146487294469
0.11940298507462686
0.11922503725782414
0.11904761904761904
0.12035661218424963
0.1201780415430267
0.12
0.11982248520710059
0.12112259970457903
0.12094395280235988
0.12076583210603829
0.12058823529411765
0.12041116005873716
0.12023460410557185
0.12005856515373353
0.11988304093567251
0.11970802919708029
0.119533527696793
0.11935953420669577
0.11918604651162791
0.11901306240928883
0.11884057971014493
0.11866859623733719
0.11849710982658959
0.11832611832611832
0.11815561959654179
0.11798561151079137
0.11781609195402298
0.11764705882352941
0.1174785100286533
0.11731044349070101
0.11714285714285715
0.11697574893009986
0.1168091168091168
0.1166429587482219
0.11647727272727272
0.11631205673758865
0.11614730878186968
0.11598302687411598
0.11581920903954802
0.1156558533145275
0.11549295774647887
0.11533052039381153
0.1151685393258427
0.1150070126227209
0.11484593837535013
0.11468531468531469
0.11452513966480447
0.11436541143654114
0.11420612813370473
0.11404728789986092
0.11388888888888889
0.11373092926490985
0.11357340720221606
0.11341632088520055
0.1132596685082873
0.11310344827586206
0.11294765840220386
0.11279229711141678
0.11263736263736264
0.11248285322359397
0.1136986301369863
0.11354309165526676
0.1133879781420765
0.11323328785811733
0.11307901907356949
0.11292517006802721
0.11277173913043478
0.11261872455902307
0.11246612466124661
0.11231393775372124
0.11351351351351352
0.11336032388663968
0.11320754716981132
0.11305518169582772
0.11290322580645161
0.11275167785234899
0.11394101876675604
0.11378848728246319
0.11363636363636363
0.11348464619492657
0.11333333333333333
0.11318242343541944
0.11303191489361702
0.11288180610889774
0.11405835543766578
0.11390728476821192
0.11375661375661375
0.11360634081902246
0.11345646437994723
0.11462450592885376
0.11578947368421053
0.11563731931668857
0.11548556430446194
0.11533420707732635
0.11518324607329843
0.11503267973856209
0.11488250652741515
0.11473272490221642
0.11588541666666667
0.11573472041612484
0.11558441558441558
0.11673151750972763
0.11658031088082901
0.11642949547218628
0.11627906976744186
0.11741935483870967
0.1172680412371134
0.11711711711711711
0.11696658097686376
0.11681643132220795
0.11666666666666667
0.11651728553137004
0.11636828644501279
0.11621966794380588
0.11607142857142858
0.1159235668789809
0.11577608142493638
0.1156289707750953
0.11548223350253807
0.11533586818757921
0.11518987341772152
0.11504424778761062
0.1148989898989899
0.11475409836065574
0.11460957178841309
0.11446540880503145
0.114321608040201
0.11417816813048934
0.11403508771929824
0.11389236545682102
0.11375
0.1136079900124844
0.11346633416458853
0.1133250311332503
0.11318407960199005
0.11304347826086956
0.11290322580645161
0.1127633209417596
0.11262376237623763
0.11248454882571075
0.11234567901234568
0.11220715166461159
0.11206896551724138
0.11193111931119311
0.11179361179361179
0.11288343558282209
0.11274509803921569
0.11260709914320685
0.11246943765281174
0.11233211233211234
0.11219512195121951
0.1120584652862363
0.11192214111922141
0.1117861482381531
0.11165048543689321
0.11151515151515151
0.11138014527845036
0.11124546553808948
0.1111111111111111
0.11097708082026538
0.1108433734939759
0.11070998796630566
0.11057692307692307
0.11044417767106843
0.11031175059952038
0.11017964071856287
0.11004784688995216
0.10991636798088411
0.10978520286396182
0.10965435041716329
0.10952380952380952
0.10939357907253269
0.10926365795724466
0.10913404507710557
0.10900473933649289
0.10887573964497041
0.10874704491725769
0.10861865407319952
0.10849056603773585
0.10836277974087162
0.10823529411764705
0.10810810810810811
0.107981220657277
0.10785463071512309
0.10772833723653395
0.10877192982456141
0.10864485981308411
0.10851808634772463
0.10839160839160839
0.10942956926658906
0.10930232558139535
0.1091753774680604
0.10904872389791183
0.1100811123986095
0.1099537037037037
0.10982658959537572
0.10969976905311778
0.10957324106113034
0.10944700460829493
0.1093210586881473
0.10919540229885058
0.10907003444316878
0.10894495412844037
0.10882016036655212
0.10869565217391304
0.10857142857142857
0.10844748858447488
0.10832383124287344
0.1082004555808656
0.1080773606370876
0.10795454545454546
0.10783200908059024
0.10884353741496598
0.1087202718006795
0.1085972850678733
0.10847457627118644
0.10948081264108352
0.10935738444193913
0.10923423423423423
0.10911136107986502
0.10898876404494381
0.10886644219977554
0.10874439461883408
0.10862262038073908
0.10850111856823266
0.10837988826815642
0.10825892857142858
0.10813823857302118
0.10801781737193764
0.10789766407119021
0.10777777777777778
0.10876803551609324
0.10864745011086474
0.10852713178294573
0.1084070796460177
0.10828729281767956
0.10816777041942605
0.10804851157662625
0.10792951541850221
0.1078107810781078
0.1076923076923077
0.10757409440175632
0.1074561403508772
0.10733844468784227
0.10722100656455143
0.10710382513661203
0.10698689956331878
0.10687022900763359
0.10675381263616558
0.10663764961915125
0.10652173913043478
0.10640608034744843
0.10629067245119306
0.10617551462621885
0.10606060606060606
0.10594594594594595
0.10583153347732181
0.10571736785329018
0.10560344827586207
0.1054897739504844
0.1053763440860215
0.10526315789473684
0.10515021459227468
0.10610932475884244
0.10599571734475374
0.10588235294117647
0.10576923076923077
0.1056563500533618
0.10554371002132196
0.10649627263045794
0.10638297872340426
0.10626992561105207
0.10615711252653928
0.1071049840933192
0.10699152542372882
0.10687830687830688
0.10676532769556026
0.10665258711721225
0.10654008438818566
0.10642781875658588
0.10631578947368421
0.10620399579390116
0.10609243697478991
0.10598111227701994
0.10587002096436059
0.10575916230366492
0.10564853556485355
0.10553814002089865
0.10647181628392484
0.10636079249217935
0.10625
0.10613943808532779
0.10706860706860707
0.10695742471443406
0.10684647302904564
0.10673575129533679
0.10662525879917184
0.10754912099276112
0.10743801652892562
0.10732714138286893
0.10721649484536082
0.10710607621009269
0.10699588477366255
0.1079136690647482
0.10780287474332649
0.1076923076923077
0.10758196721311475
0.10747185261003071
0.10736196319018405
0.10725229826353422
0.10714285714285714
0.10703363914373089
0.10692464358452139
0.10681586978636826
0.10670731707317073
0.1065989847715736
0.10649087221095335
0.10638297872340426
0.1062753036437247
0.10616784630940344
0.10606060606060606
0.10595358224016145
0.10584677419354839
0.10574018126888217
0.1056338028169014
0.10552763819095477
0.10542168674698796
0.10531594784353059
0.10521042084168336
0.10510510510510511
0.105
0.1048951048951049
