0.0
0.3333333333333333
0.25
0.2
0.3333333333333333
0.2857142857142857
0.375
0.3333333333333333
0.3
0.2727272727272727
0.25
0.23076923076923078
0.21428571428571427
0.2
0.1875
0.17647058823529413
0.16666666666666666
0.15789473684210525
0.15
0.14285714285714285
0.13636363636363635
0.17391304347826086
0.16666666666666666
0.16
0.15384615384615385
0.14814814814814814
0.14285714285714285
0.13793103448275862
0.13333333333333333
0.12903225806451613
0.125
0.12121212121212122
0.11764705882352941
0.11428571428571428
0.1111111111111111
0.13513513513513514
0.13157894736842105
0.1282051282051282
0.125
0.12195121951219512
0.14285714285714285
0.13953488372093023
0.13636363636363635
0.13333333333333333
0.13043478260869565
0.1276595744680851
0.14583333333333334
0.14285714285714285
0.14
0.13725490196078433
0.1346153846153846
0.1320754716981132
0.12962962962962962
0.12727272727272726
0.14285714285714285
0.14035087719298245
0.15517241379310345
0.1694915254237288
0.16666666666666666
0.18032786885245902
0.1774193548387097
0.1746031746031746
0.1875
0.2
0.19696969696969696
0.19402985074626866
0.19117647058823528
0.18840579710144928
0.18571428571428572
0.18309859154929578
0.19444444444444445
0.1917808219178082
0.1891891891891892
0.18666666666666668
0.19736842105263158
0.19480519480519481
0.19230769230769232
0.189873417721519
0.1875
0.18518518518518517
0.18292682926829268
0.18072289156626506
0.17857142857142858
0.17647058823529413
0.1744186046511628
0.1724137931034483
0.17045454545454544
0.1797752808988764
0.17777777777777778
0.17582417582417584
0.17391304347826086
0.17204301075268819
0.1702127659574468
0.16842105263157894
0.16666666666666666
0.16494845360824742
0.16326530612244897
0.16161616161616163
0.16
0.15841584158415842
0.1568627450980392
0.1553398058252427
0.15384615384615385
0.1523809523809524
0.1509433962264151
0.14953271028037382
0.1574074074074074
0.1559633027522936
0.16363636363636364
0.16216216216216217
0.16071428571428573
0.1592920353982301
0.15789473684210525
0.1565217391304348
0.15517241379310345
0.15384615384615385
0.15254237288135594
0.15126050420168066
0.15
0.1487603305785124
0.14754098360655737
0.14634146341463414
0.14516129032258066
0.144
0.14285714285714285
0.14173228346456693
0.140625
0.13953488372093023
0.13846153846153847
0.1450381679389313
0.14393939393939395
0.14285714285714285
0.14925373134328357
0.14814814814814814
0.14705882352941177
0.15328467153284672
0.15217391304347827
0.1510791366906475
0.15
0.14893617021276595
0.14788732394366197
0.14685314685314685
0.14583333333333334
0.14482758620689656
0.14383561643835616
0.14285714285714285
0.14189189189189189
0.14093959731543623
0.14
0.1390728476821192
0.13815789473684212
0.13725490196078433
0.13636363636363635
0.13548387096774195
0.1346153846153846
0.1337579617834395
0.13291139240506328
0.13836477987421383
0.1375
0.14285714285714285
0.14814814814814814
0.147239263803681
0.14634146341463414
0.14545454545454545
0.14457831325301204
0.1437125748502994
0.14285714285714285
0.14201183431952663
0.1411764705882353
0.14035087719298245
0.13953488372093023
0.13872832369942195
0.13793103448275862
0.13714285714285715
0.13636363636363635
0.13559322033898305
0.1348314606741573
0.1340782122905028
0.13333333333333333
0.13259668508287292
0.13736263736263737
0.1366120218579235
0.1358695652173913
0.13513513513513514
0.13440860215053763
0.13368983957219252
0.13297872340425532
0.13227513227513227
0.13157894736842105
0.13089005235602094
0.13020833333333334
0.13471502590673576
0.13402061855670103
0.13333333333333333
0.1377551020408163
0.13705583756345177
0.13636363636363635
0.135678391959799
0.135
0.13432835820895522
0.13861386138613863
0.13793103448275862
0.13725490196078433
0.13658536585365855
0.13592233009708737
0.13526570048309178
0.1346153846153846
0.1339712918660287
0.13333333333333333
0.13744075829383887
0.13679245283018868
0.13615023474178403
0.13551401869158877
0.13488372093023257
0.13425925925925927
0.1336405529953917
0.13302752293577982
0.1324200913242009
0.1318181818181818
0.13122171945701358
0.13063063063063063
0.13004484304932734
0.12946428571428573
0.13333333333333333
0.13274336283185842
0.13215859030837004
0.13596491228070176
0.13537117903930132
0.13478260869565217
0.1341991341991342
0.1336206896551724
0.13304721030042918
0.13247863247863248
0.13191489361702127
0.13135593220338984
0.1350210970464135
0.13445378151260504
0.13389121338912133
0.13333333333333333
0.13692946058091288
0.13636363636363635
0.13580246913580246
0.13524590163934427
0.1346938775510204
0.13821138211382114
0.13765182186234817
0.13709677419354838
0.13654618473895583
0.136
0.13545816733067728
0.1349206349206349
0.13438735177865613
0.13385826771653545
0.13333333333333333
0.1328125
0.13229571984435798
0.13178294573643412
0.13127413127413126
0.13076923076923078
0.13026819923371646
0.1297709923664122
0.12927756653992395
0.12878787878787878
0.1320754716981132
0.13157894736842105
0.13108614232209737
0.13059701492537312
0.13011152416356878
0.12962962962962962
0.12915129151291513
0.12867647058823528
0.1282051282051282
0.12773722627737227
0.12727272727272726
0.12681159420289856
0.1263537906137184
0.12589928057553956
0.12544802867383512
0.125
0.12455516014234876
0.12411347517730496
0.12367491166077739
0.12323943661971831
0.12280701754385964
0.12237762237762238
0.12195121951219512
0.12152777777777778
0.12110726643598616
0.1206896551724138
0.12027491408934708
0.11986301369863013
0.11945392491467577
0.11904761904761904
0.11864406779661017
0.11824324324324324
0.11784511784511785
0.1174496644295302
0.11705685618729098
0.11666666666666667
0.11627906976744186
0.11589403973509933
0.11551155115511551
0.11513157894736842
0.11475409836065574
0.11437908496732026
0.11400651465798045
0.11688311688311688
0.11650485436893204
0.11612903225806452
0.1189710610932476
0.11858974358974358
0.12140575079872204
0.12101910828025478
0.12063492063492064
0.12025316455696203
0.11987381703470032
0.11949685534591195
0.11912225705329153
0.121875
0.12149532710280374
0.12111801242236025
0.12074303405572756
0.12037037037037036
0.12
0.1196319018404908
0.11926605504587157
0.11890243902439024
0.11854103343465046
0.11818181818181818
0.11782477341389729
0.11746987951807229
0.11711711711711711
0.11676646706586827
0.11641791044776119
0.11607142857142858
0.11572700296735905
0.11538461538461539
0.11504424778761062
0.11470588235294117
0.11436950146627566
0.11403508771929824
0.11370262390670553
0.11337209302325581
0.11304347826086956
0.11271676300578035
0.11239193083573487
0.11206896551724138
0.11174785100286533
0.11142857142857143
0.1111111111111111
0.11079545454545454
0.11048158640226628
0.11016949152542373
0.10985915492957747
0.10955056179775281
0.1092436974789916
0.10893854748603352
0.10863509749303621
0.10833333333333334
0.10803324099722991
0.10773480662983426
0.10743801652892562
0.10714285714285714
0.10684931506849316
0.1092896174863388
0.11171662125340599
0.11413043478260869
0.11382113821138211
0.11351351351351352
0.11320754716981132
0.11290322580645161
0.1126005361930295
0.11497326203208556
0.11466666666666667
0.11436170212765957
0.11671087533156499
0.1164021164021164
0.11609498680738786
0.11578947368421053
0.11548556430446194
0.11518324607329843
0.1174934725848564
0.1171875
0.11688311688311688
0.11658031088082901
0.11627906976744186
0.11597938144329897
0.11568123393316196
0.11538461538461539
0.11508951406649616
0.11479591836734694
0.11450381679389313
0.116751269035533
0.11645569620253164
0.11616161616161616
0.11586901763224182
0.11557788944723618
0.11528822055137844
0.115
0.11471321695760599
0.11442786069651742
0.11662531017369727
0.11633663366336634
0.11604938271604938
0.11576354679802955
0.11547911547911548
0.11519607843137254
0.11491442542787286
0.11463414634146342
0.11435523114355231
0.11650485436893204
0.1162227602905569
0.11594202898550725
0.11566265060240964
0.11538461538461539
0.11510791366906475
0.11483253588516747
0.11455847255369929
0.11666666666666667
0.1163895486935867
0.11611374407582939
0.11583924349881797
0.11556603773584906
0.11764705882352941
0.11737089201877934
0.117096018735363
0.11682242990654206
0.11655011655011654
0.11627906976744186
0.11600928074245939
0.11574074074074074
0.11547344110854503
0.1152073732718894
0.11494252873563218
0.11467889908256881
0.11441647597254005
0.11643835616438356
0.11617312072892938
0.1159090909090909
0.11564625850340136
0.11538461538461539
0.11512415349887133
0.11486486486486487
0.1146067415730337
0.11434977578475336
0.11409395973154363
0.11383928571428571
0.11358574610244988
0.11333333333333333
0.1130820399113082
0.11283185840707964
0.11258278145695365
0.11233480176211454
0.11208791208791209
0.1118421052631579
0.11159737417943107
0.11135371179039301
0.1111111111111111
0.1108695652173913
0.11062906724511931
0.11038961038961038
0.1101511879049676
0.10991379310344827
0.10967741935483871
0.10944206008583691
0.10920770877944326
0.10897435897435898
0.10874200426439233
0.10851063829787234
0.11040339702760085
0.11016949152542373
0.10993657505285412
0.10970464135021098
0.11157894736842106
0.1134453781512605
0.11320754716981132
0.11297071129707113
0.1127348643006263
0.1125
0.11226611226611227
0.11203319502074689
0.11180124223602485
0.11363636363636363
0.1134020618556701
0.11316872427983539
0.11293634496919917
0.11270491803278689
0.11451942740286299
0.11428571428571428
0.11405295315682282
0.11382113821138211
0.11359026369168357
0.11336032388663968
0.11515151515151516
0.11491935483870967
0.11468812877263582
0.1144578313253012
0.11422845691382766
0.114
0.11377245508982035
0.11354581673306773
0.11332007952286283
0.1130952380952381
0.11287128712871287
0.11264822134387352
0.11242603550295859
0.11220472440944881
0.11198428290766209
0.11176470588235295
0.11154598825831702
0.111328125
0.1111111111111111
0.11089494163424124
0.11067961165048544
0.11046511627906977
0.1102514506769826
0.11003861003861004
0.10982658959537572
0.10961538461538461
0.10940499040307101
0.10919540229885058
0.1089866156787763
0.10877862595419847
0.10857142857142857
0.10836501901140684
0.10815939278937381
0.10795454545454546
0.10775047258979206
0.10754716981132076
0.10734463276836158
0.10714285714285714
0.10694183864915573
0.10674157303370786
0.10654205607476636
0.10634328358208955
0.10614525139664804
0.10594795539033457
0.10575139146567718
0.10555555555555556
0.10536044362292052
0.10516605166051661
0.10681399631675875
0.10661764705882353
0.10642201834862386
0.10805860805860806
0.10786106032906764
0.10766423357664233
0.1092896174863388
0.11090909090909092
0.11070780399274047
0.1105072463768116
0.11030741410488246
0.11191335740072202
0.11171171171171171
0.11151079136690648
0.11310592459605028
0.11290322580645161
0.11270125223613596
0.1125
0.11229946524064172
0.11387900355871886
0.11367673179396093
0.11347517730496454
0.11327433628318584
0.11307420494699646
0.1128747795414462
0.11267605633802817
0.11247803163444639
0.11228070175438597
0.11208406304728546
0.11363636363636363
0.11343804537521815
0.1132404181184669
0.11304347826086956
0.11284722222222222
0.11265164644714037
0.11245674740484429
0.11226252158894647
0.11206896551724138
0.11187607573149742
0.11168384879725086
0.11149228130360206
0.1113013698630137
0.1111111111111111
0.11092150170648464
0.11073253833049404
0.11054421768707483
0.11035653650254669
0.11016949152542373
0.10998307952622674
0.1097972972972973
0.10961214165261383
0.10942760942760943
0.1092436974789916
0.10906040268456375
0.11055276381909548
0.11036789297658862
0.11018363939899833
0.11
0.10981697171381032
0.10963455149501661
0.10945273631840796
0.10927152317880795
0.10909090909090909
0.10891089108910891
0.10873146622734761
0.10855263157894737
0.10837438423645321
0.10819672131147541
0.10801963993453355
0.10784313725490197
0.10766721044045677
0.10749185667752444
0.1073170731707317
0.10876623376623376
0.1085899513776337
0.10841423948220065
0.10823909531502424
0.10806451612903226
0.10789049919484701
0.10771704180064309
0.10914927768860354
0.10897435897435898
0.1088
0.10862619808306709
0.10845295055821372
0.10828025477707007
0.10810810810810811
0.10793650793650794
0.10776545166402536
0.10759493670886076
0.10742496050552923
0.10725552050473186
0.10866141732283464
0.10849056603773585
0.10832025117739404
0.10815047021943573
0.107981220657277
0.1078125
0.10920436817472699
0.10903426791277258
0.1088646967340591
0.10869565217391304
0.10852713178294573
0.10835913312693499
0.10819165378670788
0.10802469135802469
0.10785824345146379
0.1076923076923077
0.10752688172043011
0.10736196319018405
0.10872894333843798
0.10856269113149847
0.1083969465648855
0.10823170731707317
0.1080669710806697
0.10790273556231003
0.10773899848254932
0.10757575757575757
0.10741301059001512
0.10725075528700906
0.10708898944193061
0.10692771084337349
0.10676691729323308
0.10810810810810811
0.10794602698650675
0.10778443113772455
0.10762331838565023
0.10746268656716418
0.10730253353204174
0.10714285714285714
0.10698365527488855
0.10682492581602374
0.10666666666666667
0.10650887573964497
0.10635155096011817
0.10619469026548672
0.10603829160530191
0.10588235294117647
0.10719530102790015
0.10703812316715543
0.10688140556368961
0.1067251461988304
0.10656934306569343
0.10641399416909621
0.10771470160116449
0.10755813953488372
0.10740203193033382
0.1072463768115942
0.10709117221418235
0.1069364161849711
0.10822510822510822
0.10806916426512968
0.1079136690647482
0.10775862068965517
0.10760401721664276
0.10744985673352435
0.10872675250357654
0.10857142857142857
0.10841654778887304
0.10826210826210826
0.10810810810810811
0.10795454545454546
0.10780141843971631
0.10764872521246459
0.1074964639321075
0.10734463276836158
0.1071932299012694
0.10704225352112676
0.10689170182841069
0.10674157303370786
0.10659186535764376
0.10644257703081232
0.1062937062937063
0.10614525139664804
0.10599721059972106
0.10584958217270195
0.10570236439499305
0.10555555555555556
0.10540915395284327
0.10664819944598337
0.10650069156293222
0.106353591160221
0.10758620689655173
0.10743801652892562
0.10866574965612105
0.10851648351648352
0.1083676268861454
0.10821917808219178
0.10807113543091655
0.10792349726775956
0.1077762619372442
0.10762942779291552
0.10748299319727891
0.10733695652173914
0.10854816824966079
0.10840108401084012
0.10825439783491204
0.10810810810810811
0.10931174089068826
0.1091644204851752
0.10901749663526245
0.10887096774193548
0.1087248322147651
0.10857908847184987
0.10977242302543508
0.10962566844919786
0.10947930574098798
0.10933333333333334
0.11051930758988016
0.11037234042553191
0.1102257636122178
0.11007957559681697
0.11125827814569536
0.1111111111111111
0.11096433289299867
0.11081794195250659
0.11198945981554677
0.11315789473684211
0.11300919842312747
0.11286089238845144
0.1127129750982962
0.112565445026178
0.11372549019607843
0.11357702349869452
0.11342894393741851
0.11328125
0.11313394018205461
0.11428571428571428
0.11413748378728923
0.11398963730569948
0.11513583441138421
0.11498708010335917
0.11612903225806452
0.11597938144329897
0.11583011583011583
0.11568123393316196
0.11553273427471117
0.11666666666666667
0.11651728553137004
0.11636828644501279
0.11621966794380588
0.11607142857142858
0.1159235668789809
0.11704834605597965
0.11689961880559085
0.116751269035533
0.11660329531051965
0.11645569620253164
0.11630847029077118
0.11616161616161616
0.11601513240857503
0.11586901763224182
0.11572327044025157
0.11683417085427136
0.11668757841907151
0.11654135338345864
0.11639549436795996
0.1175
0.11735330836454431
0.1172069825436409
0.11706102117061021
0.11691542288557213
0.11677018633540373
0.11662531017369727
0.11648079306071871
0.11633663366336634
0.1161928306551298
0.11604938271604938
0.1159062885326757
0.11576354679802955
0.11685116851168512
0.11793611793611794
0.11779141104294479
0.11764705882352941
0.11872705018359853
0.11858190709046455
0.11843711843711843
0.11829268292682926
0.11814859926918392
0.11800486618004866
0.11786148238153099
0.11771844660194175
0.11757575757575757
0.11864406779661017
0.1185006045949214
0.11835748792270531
0.11821471652593486
0.1180722891566265
0.11793020457280386
0.11778846153846154
0.11764705882352941
0.11750599520383694
0.11736526946107785
0.11722488038277512
0.11708482676224612
0.11694510739856802
0.11680572109654351
0.11666666666666667
0.11652794292508918
0.11757719714964371
0.11743772241992882
0.11729857819905214
0.11715976331360947
0.11702127659574468
0.11688311688311688
0.1179245283018868
0.11778563015312132
0.11764705882352941
0.11750881316098707
0.11737089201877934
0.11723329425556858
0.11826697892271663
0.11812865497076024
0.1191588785046729
0.11901983663943991
0.11888111888111888
0.11874272409778813
0.1186046511627907
0.11962833914053426
0.11948955916473318
0.11935110081112399
0.11921296296296297
0.11907514450867052
0.11893764434180139
0.11880046136101499
0.11866359447004608
0.11852704257767549
0.11839080459770115
0.11940298507462686
0.11926605504587157
0.11912943871706758
0.11899313501144165
0.11885714285714286
0.11986301369863013
0.12086659064994298
0.12072892938496584
0.12059158134243458
0.1215909090909091
0.12145289443813848
0.12131519274376418
0.12117780294450736
0.12104072398190045
0.12203389830508475
0.12189616252821671
0.12175873731679819
0.12162162162162163
0.12148481439820022
0.12134831460674157
0.12121212121212122
0.1210762331838565
0.12094064949608063
0.12192393736017897
0.1217877094972067
0.12165178571428571
0.12151616499442586
0.12138084632516703
0.12124582869855395
0.12111111111111111
0.12097669256381798
0.12084257206208426
0.12070874861572536
0.12057522123893805
0.12154696132596685
0.12141280353200883
0.12238147739801543
0.1222466960352423
0.12211221122112212
0.12197802197802197
0.12184412733260154
0.12171052631578948
0.12157721796276014
0.12144420131291028
0.12131147540983607
0.12117903930131005
0.12104689203925845
0.12200435729847495
0.12187159956474429
0.12282608695652174
0.12269272529858849
0.12255965292841649
0.12242686890574214
0.12229437229437229
0.12324324324324325
0.12311015118790497
0.12297734627831715
0.12284482758620689
0.12271259418729817
0.12258064516129032
0.12244897959183673
0.1223175965665236
0.12218649517684887
0.12205567451820129
0.12192513368983957
0.12179487179487179
0.12166488794023479
0.12153518123667377
0.12140575079872204
0.12127659574468085
0.12114771519659936
0.12101910828025478
0.12089077412513255
0.12076271186440678
0.12169312169312169
0.12156448202959831
0.12143611404435058
0.12130801687763713
0.12118018967334036
0.12210526315789473
0.12197686645636173
0.12184873949579832
0.12172088142707241
0.12159329140461216
0.12146596858638743
0.12133891213389121
0.12121212121212122
0.12108559498956159
0.12095933263816476
0.12083333333333333
0.12070759625390219
0.12058212058212059
0.12045690550363447
0.12033195020746888
0.12020725388601036
0.12008281573498965
0.11995863495346432
0.11983471074380166
0.12074303405572756
0.12061855670103093
0.12049433573635428
0.12037037037037036
0.12024665981500514
0.12114989733059549
0.12102564102564102
0.12090163934426229
0.12077789150460594
0.12065439672801637
0.1205311542390194
0.12040816326530612
0.12028542303771661
0.12016293279022404
0.12004069175991862
0.11991869918699187
0.11979695431472082
0.11967545638945233
0.11955420466058764
0.1194331983805668
0.11931243680485339
0.1202020202020202
0.12008072653884964
0.11995967741935484
0.11983887210473314
0.11971830985915492
0.11959798994974874
0.12048192771084337
0.12036108324974924
0.12024048096192384
0.12112112112112113
0.122
0.12187812187812187
