0.5
0.3333333333333333
0.25
0.4
0.3333333333333333
0.2857142857142857
0.25
0.2222222222222222
0.2
0.18181818181818182
0.16666666666666666
0.15384615384615385
0.14285714285714285
0.13333333333333333
0.1875
0.17647058823529413
0.16666666666666666
0.15789473684210525
0.15
0.14285714285714285
0.13636363636363635
0.17391304347826086
0.20833333333333334
0.2
0.19230769230769232
0.18518518518518517
0.21428571428571427
0.20689655172413793
0.2
0.1935483870967742
0.1875
0.18181818181818182
0.17647058823529413
0.17142857142857143
0.16666666666666666
0.16216216216216217
0.15789473684210525
0.15384615384615385
0.15
0.14634146341463414
0.16666666666666666
0.16279069767441862
0.1590909090909091
0.15555555555555556
0.15217391304347827
0.14893617021276595
0.14583333333333334
0.14285714285714285
0.14
0.13725490196078433
0.1346153846153846
0.1320754716981132
0.14814814814814814
0.14545454545454545
0.14285714285714285
0.15789473684210525
0.15517241379310345
0.15254237288135594
0.15
0.14754098360655737
0.14516129032258066
0.14285714285714285
0.140625
0.13846153846153847
0.13636363636363635
0.14925373134328357
0.14705882352941177
0.14492753623188406
0.14285714285714285
0.14084507042253522
0.1388888888888889
0.136986301369863
0.13513513513513514
0.13333333333333333
0.14473684210526316
0.15584415584415584
0.15384615384615385
0.16455696202531644
0.1625
0.16049382716049382
0.15853658536585366
0.1566265060240964
0.15476190476190477
0.15294117647058825
0.16279069767441862
0.16091954022988506
0.1590909090909091
0.15730337078651685
0.15555555555555556
0.15384615384615385
0.15217391304347827
0.15053763440860216
0.14893617021276595
0.14736842105263157
0.14583333333333334
0.14432989690721648
0.14285714285714285
0.1414141414141414
0.14
0.13861386138613863
0.13725490196078433
0.13592233009708737
0.14423076923076922
0.1523809523809524
0.1509433962264151
0.1588785046728972
0.16666666666666666
0.1651376146788991
0.16363636363636364
0.16216216216216217
0.16964285714285715
0.168141592920354
0.16666666666666666
0.16521739130434782
0.1724137931034483
0.1794871794871795
0.17796610169491525
0.17647058823529413
0.175
0.17355371900826447
0.1721311475409836
0.17886178861788618
0.1774193548387097
0.176
0.1746031746031746
0.1732283464566929
0.1796875
0.17829457364341086
0.17692307692307693
0.183206106870229
0.18181818181818182
0.18796992481203006
0.1865671641791045
0.18518518518518517
0.18382352941176472
0.1897810218978102
0.18840579710144928
0.18705035971223022
0.18571428571428572
0.18439716312056736
0.18309859154929578
0.1888111888111888
0.1875
0.18620689655172415
0.18493150684931506
0.1836734693877551
0.18243243243243243
0.18120805369127516
0.18
0.17880794701986755
0.17763157894736842
0.17647058823529413
0.17532467532467533
0.17419354838709677
0.1794871794871795
0.17834394904458598
0.17721518987341772
0.18238993710691823
0.18125
0.18012422360248448
0.17901234567901234
0.18404907975460122
0.18292682926829268
0.18181818181818182
0.18072289156626506
0.17964071856287425
0.17857142857142858
0.17751479289940827
0.17647058823529413
0.17543859649122806
0.1744186046511628
0.17341040462427745
0.1724137931034483
0.17142857142857143
0.17045454545454544
0.1694915254237288
0.17415730337078653
0.17318435754189945
0.17222222222222222
0.1712707182320442
0.17032967032967034
0.16939890710382513
0.16847826086956522
0.16756756756756758
0.17204301075268819
0.1711229946524064
0.1702127659574468
0.1693121693121693
0.16842105263157894
0.16753926701570682
0.16666666666666666
0.16580310880829016
0.16494845360824742
0.1641025641025641
0.16326530612244897
0.16243654822335024
0.16161616161616163
0.16080402010050251
0.16
0.15920398009950248
0.15841584158415842
0.15763546798029557
0.16176470588235295
0.16097560975609757
0.16019417475728157
0.15942028985507245
0.15865384615384615
0.16267942583732056
0.1619047619047619
0.16113744075829384
0.16037735849056603
0.1596244131455399
0.1588785046728972
0.15813953488372093
0.1574074074074074
0.15668202764976957
0.16055045871559634
0.1598173515981735
0.1590909090909091
0.16289592760180996
0.16216216216216217
0.16143497757847533
0.16071428571428573
0.16
0.1592920353982301
0.15859030837004406
0.16228070175438597
0.1615720524017467
0.1608695652173913
0.1645021645021645
0.16379310344827586
0.1630901287553648
0.1623931623931624
0.16170212765957448
0.16101694915254236
0.16033755274261605
0.15966386554621848
0.1589958158995816
0.15833333333333333
0.16182572614107885
0.16115702479338842
0.16049382716049382
0.1598360655737705
0.15918367346938775
0.15853658536585366
0.15789473684210525
0.15725806451612903
0.1566265060240964
0.156
0.1553784860557769
0.15476190476190477
0.1541501976284585
0.15748031496062992
0.1568627450980392
0.15625
0.1556420233463035
0.15503875968992248
0.15444015444015444
0.15384615384615385
0.1532567049808429
0.15267175572519084
0.1520912547528517
0.15151515151515152
0.15471698113207547
0.15413533834586465
0.15355805243445692
0.15298507462686567
0.1524163568773234
0.15185185185185185
0.15498154981549817
0.15441176470588236
0.15384615384615385
0.15693430656934307
0.15636363636363637
0.15942028985507245
0.1588447653429603
0.15827338129496402
0.15770609318996415
0.15714285714285714
0.1601423487544484
0.1595744680851064
0.15901060070671377
0.15845070422535212
0.16140350877192983
0.16083916083916083
0.1602787456445993
0.1597222222222222
0.15916955017301038
0.15862068965517243
0.15807560137457044
0.16095890410958905
0.16040955631399317
0.1598639455782313
0.16271186440677965
0.16216216216216217
0.16161616161616163
0.1610738255033557
0.1605351170568562
0.16
0.16279069767441862
0.16225165562913907
0.1617161716171617
0.1611842105263158
0.16065573770491803
0.16013071895424835
0.15960912052117263
0.1590909090909091
0.15857605177993528
0.15806451612903225
0.15755627009646303
0.16025641025641027
0.1597444089456869
0.1624203821656051
0.1619047619047619
0.16139240506329114
0.1608832807570978
0.16352201257861634
0.16300940438871472
0.1625
0.16510903426791276
0.16459627329192547
0.16408668730650156
0.16358024691358025
0.16307692307692306
0.16257668711656442
0.1620795107033639
0.16158536585365854
0.16109422492401215
0.16363636363636364
0.16314199395770393
0.16566265060240964
0.16516516516516516
0.16467065868263472
0.16417910447761194
0.1636904761904762
0.1632047477744807
0.16272189349112426
0.16224188790560473
0.16176470588235295
0.16129032258064516
0.1608187134502924
0.16034985422740525
0.15988372093023256
0.15942028985507245
0.16184971098265896
0.16138328530259366
0.16091954022988506
0.16045845272206305
0.16
0.15954415954415954
0.1590909090909091
0.15864022662889518
0.15819209039548024
0.15774647887323945
0.15730337078651685
0.1568627450980392
0.1564245810055866
0.15598885793871867
0.15555555555555556
0.15512465373961218
0.15469613259668508
0.15426997245179064
0.15384615384615385
0.15342465753424658
0.1557377049180328
0.1553133514986376
0.15489130434782608
0.15447154471544716
0.15675675675675677
0.15633423180592992
0.1586021505376344
0.1581769436997319
0.15775401069518716
0.15733333333333333
0.15691489361702127
0.15649867374005305
0.15608465608465608
0.158311345646438
0.15789473684210525
0.16010498687664043
0.15968586387434555
0.1618798955613577
0.16145833333333334
0.16103896103896104
0.16062176165803108
0.16020671834625322
0.15979381443298968
0.15938303341902313
0.15897435897435896
0.1585677749360614
0.15816326530612246
0.15776081424936386
0.15736040609137056
0.1569620253164557
0.15656565656565657
0.1561712846347607
0.15577889447236182
0.15538847117794485
0.155
0.1546134663341646
0.15422885572139303
0.15384615384615385
0.15346534653465346
0.15308641975308643
0.15270935960591134
0.1547911547911548
0.15441176470588236
0.15403422982885084
0.15365853658536585
0.15328467153284672
0.1529126213592233
0.15254237288135594
0.15217391304347827
0.15421686746987953
0.15384615384615385
0.15347721822541965
0.15311004784688995
0.15274463007159905
0.1523809523809524
0.15201900237529692
0.15402843601895735
0.15602836879432624
0.15566037735849056
0.15529411764705883
0.15492957746478872
0.15456674473067916
0.1542056074766355
0.15384615384615385
0.15348837209302327
0.1531322505800464
0.1550925925925926
0.15473441108545036
0.15668202764976957
0.15632183908045977
0.1559633027522936
0.15560640732265446
0.1552511415525114
0.1571753986332574
0.15681818181818183
0.1564625850340136
0.15610859728506787
0.15575620767494355
0.1554054054054054
0.1550561797752809
0.1547085201793722
0.15436241610738255
0.15401785714285715
0.15367483296213807
0.15333333333333332
0.15299334811529933
0.15265486725663716
0.152317880794702
0.15198237885462554
0.15164835164835164
0.1513157894736842
0.15098468271334792
0.15065502183406113
0.1503267973856209
0.15
0.14967462039045554
0.14935064935064934
0.1490280777537797
0.14870689655172414
0.14838709677419354
0.148068669527897
0.14775160599571735
0.14743589743589744
0.14925373134328357
0.15106382978723404
0.15074309978768577
0.1504237288135593
0.15010570824524314
0.14978902953586498
0.14947368421052631
0.14915966386554622
0.1488469601677149
0.14853556485355648
0.14822546972860126
0.14791666666666667
0.14760914760914762
0.14937759336099585
0.14906832298136646
0.1487603305785124
0.14845360824742268
0.14814814814814814
0.14784394250513347
0.14754098360655737
0.147239263803681
0.1489795918367347
0.14867617107942974
0.1483739837398374
0.14807302231237324
0.14777327935222673
0.14747474747474748
0.14717741935483872
0.14688128772635814
0.1465863453815261
0.1462925851703407
0.148
0.1497005988023952
0.14940239043824702
0.14910536779324055
0.1488095238095238
0.1485148514851485
0.1482213438735178
0.14792899408284024
0.14960629921259844
0.1512770137524558
0.15098039215686274
0.1506849315068493
0.150390625
0.15009746588693956
0.14980544747081712
0.14951456310679612
0.14922480620155038
0.14893617021276595
0.14864864864864866
0.14836223506743737
0.14807692307692308
0.14779270633397312
0.1475095785440613
0.14722753346080306
0.14885496183206107
0.14857142857142858
0.1482889733840304
0.14800759013282733
0.14772727272727273
0.14744801512287334
0.1471698113207547
0.14689265536723164
0.14661654135338345
0.14634146341463414
0.14794007490636704
0.14766355140186915
0.14738805970149255
0.14711359404096835
0.14684014869888476
0.14656771799628943
0.14629629629629629
0.14602587800369685
0.14575645756457564
0.14548802946593
0.14705882352941177
0.14678899082568808
0.14652014652014653
0.14625228519195613
0.145985401459854
0.14571948998178508
0.14545454545454545
0.14519056261343014
0.14492753623188406
0.14466546112115733
0.1444043321299639
0.14414414414414414
0.14388489208633093
0.1436265709156194
0.14516129032258066
0.1449016100178891
0.14464285714285716
0.1443850267379679
0.14412811387900357
0.1438721136767318
0.14361702127659576
0.14513274336283186
0.14487632508833923
0.14462081128747795
0.1443661971830986
0.14411247803163443
0.14385964912280702
0.1436077057793345
0.1451048951048951
0.14485165794066318
0.1445993031358885
0.1443478260869565
0.1440972222222222
0.1438474870017331
0.14359861591695502
0.14335060449050085
0.14310344827586208
0.14285714285714285
0.14261168384879724
0.1423670668953688
0.1421232876712329
0.14188034188034188
0.1416382252559727
0.141396933560477
0.14285714285714285
0.14261460101867574
0.1440677966101695
0.14382402707275804
0.14358108108108109
0.1433389544688027
0.14309764309764308
0.14453781512605043
0.14429530201342283
0.1440536013400335
0.14381270903010032
0.14357262103505844
0.14333333333333334
0.1447587354409318
0.14451827242524917
0.14427860696517414
0.14403973509933773
0.14380165289256197
0.14356435643564355
0.14332784184514002
0.14309210526315788
0.14285714285714285
0.14262295081967213
0.14402618657937807
0.1437908496732026
0.14355628058727568
0.1449511400651466
0.14471544715447154
0.1461038961038961
0.14748784440842788
0.1488673139158576
0.14862681744749595
0.14838709677419354
0.14814814814814814
0.14790996784565916
0.1492776886035313
0.14903846153846154
0.1488
0.1485623003194888
0.14992025518341306
0.14968152866242038
0.1494435612082671
0.1492063492063492
0.14896988906497624
0.14873417721518986
0.1484992101105845
0.14826498422712933
0.14960629921259844
0.14937106918238993
0.15070643642072212
0.15047021943573669
0.15179968701095461
0.153125
0.1544461778471139
0.1542056074766355
0.15396578538102643
0.15372670807453417
0.15503875968992248
0.15479876160990713
0.1545595054095827
0.15432098765432098
0.15562403697996918
0.15538461538461537
0.15514592933947774
0.1549079754601227
0.1546707503828484
0.154434250764526
0.15419847328244274
0.15396341463414634
0.1537290715372907
0.1534954407294833
0.15477996965098634
0.15454545454545454
0.15431164901664146
0.1540785498489426
0.15384615384615385
0.1536144578313253
0.15338345864661654
0.15315315315315314
0.15292353823088456
0.15269461077844312
0.15246636771300448
0.15223880597014924
0.15201192250372578
0.15178571428571427
0.15304606240713226
0.15281899109792285
0.15259259259259259
0.15236686390532544
0.15214180206794684
0.15191740412979352
0.15169366715758467
0.1514705882352941
0.1512481644640235
0.15102639296187684
0.15080527086383602
0.15204678362573099
0.15328467153284672
0.15451895043731778
0.15429403202328967
0.15406976744186046
0.15384615384615385
0.1536231884057971
0.15340086830680175
0.1531791907514451
0.15295815295815296
0.15417867435158503
0.1539568345323741
0.15373563218390804
0.15351506456241032
0.15329512893982808
0.15450643776824036
0.15428571428571428
0.15406562054208273
0.15384615384615385
0.15362731152204837
0.1534090909090909
0.15319148936170213
0.15439093484419264
0.15417256011315417
0.153954802259887
0.15514809590973203
0.15492957746478872
0.15611814345991562
0.15589887640449437
0.15568022440392706
0.15546218487394958
0.15524475524475526
0.15502793296089384
0.15481171548117154
0.15459610027855153
0.15438108484005564
0.15416666666666667
0.1539528432732316
0.15373961218836565
0.15352697095435686
0.15331491712707182
0.15310344827586206
0.15426997245179064
0.15405777166437415
0.15384615384615385
0.15363511659807957
0.15342465753424658
0.15321477428180574
0.15300546448087432
0.15279672578444747
0.15258855585831063
0.1523809523809524
0.15217391304347827
0.1519674355495251
0.15176151761517614
0.15155615696887687
0.1527027027027027
0.1524966261808367
0.1522911051212938
0.15208613728129206
0.15188172043010753
0.15167785234899328
0.15147453083109919
0.15127175368139223
0.15106951871657753
0.15086782376502003
0.15066666666666667
0.15046604527296936
0.1502659574468085
0.150066401062417
0.14986737400530503
0.14966887417218544
0.14947089947089948
0.14927344782034346
0.14907651715039577
0.14888010540184454
0.14868421052631578
0.14848883048620237
0.14829396325459318
0.14809960681520315
0.14790575916230367
0.1477124183006536
0.14882506527415143
0.14993481095176012
0.14973958333333334
0.14954486345903772
0.15064935064935064
0.1517509727626459
0.15155440414507773
0.15135834411384216
0.1511627906976744
0.15096774193548387
0.15077319587628865
0.15057915057915058
0.15038560411311053
0.15019255455712452
0.15
0.14980793854033292
0.149616368286445
0.15070242656449553
0.15178571428571427
0.15159235668789808
0.15139949109414758
0.15120711562897077
0.15101522842639595
0.15082382762991128
0.1518987341772152
0.15170670037926676
0.15151515151515152
0.15132408575031525
0.15113350125944586
0.1509433962264151
0.1507537688442211
0.15056461731493098
0.15037593984962405
0.15018773466833543
0.15
0.149812734082397
0.14962593516209477
0.149439601494396
0.14925373134328357
0.15031055900621118
0.1501240694789082
0.14993804213135067
0.14975247524752475
0.14956736711990112
0.14938271604938272
0.14919852034525277
0.14901477832512317
0.14883148831488316
0.14864864864864866
0.14846625766871166
0.14950980392156862
0.14932680538555693
0.1491442542787286
0.14896214896214896
0.14878048780487804
0.14859926918392205
0.14841849148418493
0.14823815309842042
0.14805825242718446
0.1478787878787879
0.14769975786924938
0.1475211608222491
0.1473429951690821
0.1471652593486128
0.14819277108433734
0.148014440433213
0.14783653846153846
0.14765906362545017
0.1474820143884892
0.1473053892215569
0.1471291866028708
0.14695340501792115
0.1467780429594272
0.1466030989272944
0.14642857142857144
0.14625445897740785
0.14608076009501186
0.14590747330960854
0.1457345971563981
0.1455621301775148
0.1453900709219858
0.14521841794569068
0.14504716981132076
0.14487632508833923
0.14588235294117646
0.14571092831962398
0.14553990610328638
0.14536928487690504
0.1451990632318501
0.14502923976608187
0.14485981308411214
0.14469078179696615
0.1445221445221445
0.14435389988358557
0.14418604651162792
0.1440185830429733
0.14385150812064965
0.1436848203939745
0.14351851851851852
0.14335260115606938
0.14318706697459585
0.14302191464821223
0.14285714285714285
0.142692750287687
0.1425287356321839
0.1423650975889782
0.14220183486238533
0.1420389461626575
0.14187643020594964
0.1417142857142857
0.1415525114155251
0.14139110604332952
0.14123006833712984
0.1410693970420933
0.1409090909090909
0.14188422247446084
0.1417233560090703
0.14156285390713477
0.1414027149321267
0.14124293785310735
0.14108352144469527
0.14205186020293123
0.14189189189189189
0.14173228346456693
0.14157303370786517
0.1414141414141414
0.1412556053811659
0.14109742441209405
0.14093959731543623
0.14078212290502792
0.140625
0.14046822742474915
0.1403118040089087
0.14015572858731926
0.14
0.13984461709211987
0.13968957871396895
0.13953488372093023
0.13938053097345132
0.13922651933701657
0.1390728476821192
0.14002205071664828
0.13986784140969163
0.1397139713971397
0.13956043956043956
0.1394072447859495
0.13925438596491227
0.13910186199342825
0.1389496717724289
0.13989071038251366
0.13973799126637554
0.1395856052344602
0.1394335511982571
0.13928182807399347
0.14021739130434782
0.14115092290988057
0.14099783080260303
0.14084507042253522
0.1406926406926407
0.14054054054054055
0.14038876889848811
0.14023732470334413
0.1400862068965517
0.13993541442411195
0.13978494623655913
0.13963480128893663
0.13948497854077252
0.13933547695605572
0.139186295503212
0.13903743315508021
0.1388888888888889
0.13874066168623267
0.13859275053304904
0.1395101171458999
0.13936170212765958
0.1392136025504782
0.13906581740976645
0.13891834570519618
0.13877118644067796
0.13862433862433862
0.13847780126849896
0.13938753959873285
0.13924050632911392
0.13909378292939936
0.13894736842105262
0.138801261829653
0.13865546218487396
0.1385099685204617
0.13836477987421383
0.1382198952879581
0.13807531380753138
0.13793103448275862
0.13778705636743216
0.13764337851929093
0.1375
0.13735691987513007
0.13721413721413722
0.13707165109034267
0.13692946058091288
0.13678756476683937
0.13664596273291926
0.13650465356773525
0.13636363636363635
0.13622291021671826
0.1360824742268041
0.13697219361483007
0.1368312757201646
0.1366906474820144
0.13655030800821355
0.13641025641025642
0.1362704918032787
0.13613101330603888
0.1359918200408998
0.13585291113381
0.1357142857142857
0.13557594291539246
0.1354378818737271
0.1353001017293998
0.13516260162601626
0.1350253807106599
0.13488843813387424
0.1347517730496454
0.13562753036437247
0.13549039433771487
0.13636363636363635
0.136226034308779
0.13608870967741934
0.13595166163141995
0.1358148893360161
0.135678391959799
0.1355421686746988
0.1354062186559679
0.13527054108216433
0.13513513513513514
0.135
0.13586413586413587
