0.5
0.6666666666666666
0.75
0.6
0.6666666666666666
0.5714285714285714
0.5
0.5555555555555556
0.5
0.45454545454545453
0.4166666666666667
0.46153846153846156
0.42857142857142855
0.4
0.375
0.35294117647058826
0.3333333333333333
0.3157894736842105
0.35
0.3333333333333333
0.36363636363636365
0.34782608695652173
0.375
0.36
0.34615384615384615
0.3333333333333333
0.32142857142857145
0.3448275862068966
0.3333333333333333
0.3548387096774194
0.34375
0.3333333333333333
0.35294117647058826
0.34285714285714286
0.3333333333333333
0.35135135135135137
0.34210526315789475
0.358974358974359
0.35
0.34146341463414637
0.35714285714285715
0.3488372093023256
0.3409090909090909
0.3333333333333333
0.32608695652173914
0.3404255319148936
0.3541666666666667
0.3469387755102041
0.34
0.3333333333333333
0.3269230769230769
0.33962264150943394
0.3333333333333333
0.32727272727272727
0.3392857142857143
0.3333333333333333
0.3275862068965517
0.3220338983050847
0.31666666666666665
0.3114754098360656
0.3064516129032258
0.31746031746031744
0.3125
0.3076923076923077
0.30303030303030304
0.31343283582089554
0.3235294117647059
0.3188405797101449
0.3142857142857143
0.30985915492957744
0.3055555555555556
0.3013698630136986
0.2972972972972973
0.29333333333333333
0.2894736842105263
0.2857142857142857
0.28205128205128205
0.27848101265822783
0.275
0.2716049382716049
0.2804878048780488
0.27710843373493976
0.27380952380952384
0.2823529411764706
0.27906976744186046
0.27586206896551724
0.2727272727272727
0.2696629213483146
0.26666666666666666
0.27472527472527475
0.2717391304347826
0.26881720430107525
0.2765957446808511
0.2736842105263158
0.28125
0.27835051546391754
0.2755102040816326
0.2727272727272727
0.27
0.26732673267326734
0.2647058823529412
0.2621359223300971
0.25961538461538464
0.2571428571428571
0.25471698113207547
0.2523364485981308
0.25
0.24770642201834864
0.24545454545454545
0.24324324324324326
0.25
0.24778761061946902
0.24561403508771928
0.24347826086956523
0.2413793103448276
0.23931623931623933
0.23728813559322035
0.23529411764705882
0.23333333333333334
0.23140495867768596
0.22950819672131148
0.22764227642276422
0.23387096774193547
0.232
0.23015873015873015
0.23622047244094488
0.234375
0.23255813953488372
0.23076923076923078
0.22900763358778625
0.23484848484848486
0.23308270676691728
0.23880597014925373
0.23703703703703705
0.2426470588235294
0.24087591240875914
0.2391304347826087
0.23741007194244604
0.2357142857142857
0.23404255319148937
0.2323943661971831
0.23076923076923078
0.22916666666666666
0.22758620689655173
0.22602739726027396
0.23129251700680273
0.22972972972972974
0.22818791946308725
0.22666666666666666
0.2251655629139073
0.2236842105263158
0.2222222222222222
0.22077922077922077
0.21935483870967742
0.21794871794871795
0.21656050955414013
0.22151898734177214
0.22012578616352202
0.21875
0.2236024844720497
0.2222222222222222
0.22085889570552147
0.21951219512195122
0.21818181818181817
0.21686746987951808
0.2155688622754491
0.21428571428571427
0.21301775147928995
0.21176470588235294
0.21052631578947367
0.20930232558139536
0.20809248554913296
0.20689655172413793
0.2057142857142857
0.20454545454545456
0.2033898305084746
0.20224719101123595
0.2011173184357542
0.2
0.20441988950276244
0.2032967032967033
0.20218579234972678
0.20108695652173914
0.2
0.1989247311827957
0.19786096256684493
0.19680851063829788
0.19576719576719576
0.19473684210526315
0.193717277486911
0.19270833333333334
0.19170984455958548
0.19072164948453607
0.19487179487179487
0.19387755102040816
0.19289340101522842
0.1919191919191919
0.19095477386934673
0.195
0.19402985074626866
0.19306930693069307
0.1921182266009852
0.19117647058823528
0.1902439024390244
0.18932038834951456
0.18840579710144928
0.1875
0.18660287081339713
0.18571428571428572
0.1848341232227488
0.18396226415094338
0.18309859154929578
0.1822429906542056
0.1813953488372093
0.18055555555555555
0.17972350230414746
0.1834862385321101
0.182648401826484
0.18181818181818182
0.18099547511312217
0.18018018018018017
0.17937219730941703
0.17857142857142858
0.17777777777777778
0.18141592920353983
0.18061674008810572
0.18421052631578946
0.18340611353711792
0.1826086956521739
0.18181818181818182
0.1810344827586207
0.18025751072961374
0.1794871794871795
0.17872340425531916
0.17796610169491525
0.17721518987341772
0.17647058823529413
0.1799163179916318
0.17916666666666667
0.17842323651452283
0.17768595041322313
0.17695473251028807
0.1762295081967213
0.17959183673469387
0.17886178861788618
0.17813765182186234
0.1774193548387097
0.17670682730923695
0.176
0.1752988047808765
0.1746031746031746
0.17391304347826086
0.1732283464566929
0.17254901960784313
0.17578125
0.17509727626459143
0.1744186046511628
0.1776061776061776
0.17692307692307693
0.17624521072796934
0.17557251908396945
0.17490494296577946
0.17424242424242425
0.17358490566037735
0.17669172932330826
0.1760299625468165
0.17537313432835822
0.17472118959107807
0.17407407407407408
0.17343173431734318
0.17279411764705882
0.17216117216117216
0.17153284671532848
0.1709090909090909
0.17028985507246377
0.16967509025270758
0.16906474820143885
0.16845878136200718
0.16785714285714284
0.16725978647686832
0.1702127659574468
0.1696113074204947
0.16901408450704225
0.16842105263157894
0.16783216783216784
0.1672473867595819
0.16666666666666666
0.16608996539792387
0.16551724137931034
0.16494845360824742
0.1678082191780822
0.17064846416382254
0.17346938775510204
0.17288135593220338
0.17229729729729729
0.1717171717171717
0.174496644295302
0.17391304347826086
0.17333333333333334
0.17275747508305647
0.17549668874172186
0.17491749174917492
0.17434210526315788
0.1737704918032787
0.17647058823529413
0.1758957654723127
0.17532467532467533
0.17475728155339806
0.17419354838709677
0.17363344051446947
0.17307692307692307
0.17252396166134185
0.17197452229299362
0.17142857142857143
0.17088607594936708
0.17034700315457413
0.16981132075471697
0.16927899686520376
0.16875
0.17133956386292834
0.17080745341614906
0.17027863777089783
0.1697530864197531
0.16923076923076924
0.1687116564417178
0.16819571865443425
0.1676829268292683
0.16717325227963525
0.16666666666666666
0.1661631419939577
0.16566265060240964
0.16516516516516516
0.16467065868263472
0.16417910447761194
0.1636904761904762
0.1632047477744807
0.16272189349112426
0.16224188790560473
0.16176470588235295
0.16129032258064516
0.1608187134502924
0.16034985422740525
0.15988372093023256
0.15942028985507245
0.15895953757225434
0.1585014409221902
0.15804597701149425
0.15759312320916904
0.16
0.15954415954415954
0.1590909090909091
0.15864022662889518
0.15819209039548024
0.16056338028169015
0.16292134831460675
0.16246498599439776
0.16201117318435754
0.1615598885793872
0.16111111111111112
0.16066481994459833
0.16022099447513813
0.15977961432506887
0.15934065934065933
0.1589041095890411
0.15846994535519127
0.15803814713896458
0.15760869565217392
0.15718157181571815
0.15675675675675677
0.15633423180592992
0.15591397849462366
0.1554959785522788
0.15508021390374332
0.15733333333333333
0.15691489361702127
0.15649867374005305
0.15608465608465608
0.15567282321899736
0.15526315789473685
0.15485564304461943
0.1544502617801047
0.15404699738903394
0.15364583333333334
0.15324675324675324
0.15284974093264247
0.1524547803617571
0.15206185567010308
0.15167095115681234
0.15128205128205127
0.15089514066496162
0.15051020408163265
0.15012722646310434
0.14974619289340102
0.14936708860759493
0.14898989898989898
0.15113350125944586
0.1507537688442211
0.15037593984962405
0.1525
0.15211970074812967
0.1517412935323383
0.1513647642679901
0.15099009900990099
0.1506172839506173
0.15024630541871922
0.14987714987714987
0.14950980392156862
0.1491442542787286
0.14878048780487804
0.14841849148418493
0.14805825242718446
0.14769975786924938
0.1473429951690821
0.14698795180722893
0.1466346153846154
0.14628297362110312
0.145933014354067
0.14558472553699284
0.14523809523809525
0.14489311163895488
0.14454976303317535
0.14420803782505912
0.14386792452830188
0.14352941176470588
0.1431924882629108
0.14285714285714285
0.1425233644859813
0.14219114219114218
0.14186046511627906
0.14385150812064965
0.14351851851851852
0.14318706697459585
0.14285714285714285
0.1425287356321839
0.14220183486238533
0.14416475972540047
0.14383561643835616
0.14350797266514806
0.1431818181818182
0.14285714285714285
0.1425339366515837
0.14221218961625282
0.14189189189189189
0.14382022471910114
0.14349775784753363
0.14317673378076062
0.14285714285714285
0.14253897550111358
0.14222222222222222
0.1419068736141907
0.1415929203539823
0.141280353200883
0.14096916299559473
0.14065934065934066
0.14035087719298245
0.1400437636761488
0.13973799126637554
0.1394335511982571
0.1391304347826087
0.13882863340563992
0.13852813852813853
0.13822894168466524
0.13793103448275862
0.13763440860215054
0.13733905579399142
0.13704496788008566
0.13675213675213677
0.13646055437100213
0.13617021276595745
0.13588110403397027
0.13559322033898305
0.13742071881606766
0.1371308016877637
0.1368421052631579
0.13655462184873948
0.13626834381551362
0.13807531380753138
0.13778705636743216
0.1375
0.13721413721413722
0.13692946058091288
0.13664596273291926
0.13636363636363635
0.1360824742268041
0.13580246913580246
0.13552361396303902
0.13524590163934427
0.13496932515337423
0.1346938775510204
0.13441955193482688
0.13414634146341464
0.13387423935091278
0.13360323886639677
0.13333333333333333
0.13306451612903225
0.13480885311871227
0.13453815261044177
0.1342685370741483
0.134
0.13373253493013973
0.13346613545816732
0.13320079522862824
0.13293650793650794
0.13267326732673268
0.1324110671936759
0.1341222879684418
0.13385826771653545
0.13359528487229863
0.13529411764705881
0.1350293542074364
0.134765625
0.1364522417153996
0.13618677042801555
0.13592233009708737
0.13565891472868216
0.13539651837524178
0.13513513513513514
0.1348747591522158
0.1346153846153846
0.1343570057581574
0.13409961685823754
0.1338432122370937
0.13358778625954199
0.13333333333333333
0.13307984790874525
0.13282732447817835
0.13257575757575757
0.1323251417769376
0.1320754716981132
0.1318267419962335
0.13157894736842105
0.13133208255159476
0.13108614232209737
0.1308411214953271
0.13059701492537312
0.1303538175046555
0.13011152416356878
0.12987012987012986
0.12962962962962962
0.12939001848428835
0.12915129151291513
0.1289134438305709
0.12867647058823528
0.12844036697247707
0.1282051282051282
0.12797074954296161
0.12773722627737227
0.12750455373406194
0.12727272727272726
0.12704174228675136
0.12681159420289856
0.12658227848101267
0.12815884476534295
0.12792792792792793
0.12769784172661872
0.12746858168761221
0.12724014336917563
0.12701252236135957
0.12678571428571428
0.1265597147950089
0.12633451957295375
0.1261101243339254
0.12588652482269502
0.1256637168141593
0.1254416961130742
0.12522045855379188
0.125
0.12478031634446397
0.12456140350877193
0.1243432574430823
0.1258741258741259
0.1256544502617801
0.1254355400696864
0.12521739130434784
0.125
0.12478336221837089
0.1245674740484429
0.12435233160621761
0.12413793103448276
0.12392426850258176
0.12371134020618557
0.1234991423670669
0.1232876712328767
0.12307692307692308
0.12286689419795221
0.12265758091993186
0.12244897959183673
0.12224108658743633
0.12372881355932204
0.12351945854483926
0.12331081081081081
0.12310286677908938
0.12289562289562289
0.1226890756302521
0.12248322147651007
0.12395309882747069
0.12374581939799331
0.12353923205342238
0.12333333333333334
0.12312811980033278
0.12292358803986711
0.12271973466003316
0.12251655629139073
0.12231404958677686
0.12211221122112212
0.12191103789126853
0.12171052631578948
0.12151067323481117
0.12131147540983607
0.12111292962356793
0.12091503267973856
0.12071778140293637
0.12052117263843648
0.12032520325203253
0.12012987012987013
0.11993517017828201
0.11974110032362459
0.11954765751211632
0.12096774193548387
0.12238325281803543
0.12218649517684887
0.12199036918138041
0.12179487179487179
0.1232
0.12300319488817892
0.12280701754385964
0.12261146496815287
0.12241653418124006
0.12380952380952381
0.12361331220285261
0.12341772151898735
0.12322274881516587
0.12302839116719243
0.12283464566929134
0.12264150943396226
0.12244897959183673
0.1238244514106583
0.12363067292644757
0.1234375
0.12324492979719189
0.12305295950155763
0.12286158631415241
0.12267080745341614
0.12248062015503876
0.12229102167182662
0.12210200927357033
0.12191358024691358
0.12172573189522343
0.12153846153846154
0.12135176651305683
0.12116564417177914
0.12098009188361408
0.12079510703363915
0.12061068702290076
0.12042682926829268
0.1202435312024353
0.12006079027355623
0.11987860394537178
0.11969696969696969
0.11951588502269289
0.11933534743202417
0.1191553544494721
0.11897590361445783
0.11879699248120301
0.11861861861861862
0.1184407796101949
0.11826347305389222
0.11808669656203288
0.11791044776119403
0.11773472429210134
0.11904761904761904
0.1188707280832095
0.1201780415430267
0.12
0.11982248520710059
0.11964549483013294
0.11946902654867257
0.11929307805596466
0.11911764705882352
0.11894273127753303
0.1187683284457478
0.11859443631039532
0.11842105263157894
0.11824817518248175
0.11807580174927114
0.11790393013100436
0.11918604651162791
0.11901306240928883
0.11884057971014493
0.12011577424023155
0.1199421965317919
0.11976911976911978
0.12103746397694524
0.12086330935251799
0.1206896551724138
0.12051649928263988
0.12034383954154727
0.12017167381974249
0.12
0.11982881597717546
0.11965811965811966
0.11948790896159317
0.11931818181818182
0.11914893617021277
0.11898016997167139
0.1188118811881188
0.12005649717514125
0.11988716502115655
0.11971830985915492
0.11954992967651196
0.11938202247191011
0.11921458625525946
0.11904761904761904
0.11888111888111888
0.11871508379888268
0.1199442119944212
0.11977715877437325
0.11961057023643949
0.11944444444444445
0.12066574202496533
0.12049861495844875
0.12033195020746888
0.12016574585635359
0.12
0.11983471074380166
0.12104539202200826
0.12087912087912088
0.12071330589849108
0.12054794520547946
0.12038303693570451
0.12021857923497267
0.12005457025920874
0.11989100817438691
0.12108843537414966
0.12092391304347826
0.12075983717774763
0.12059620596205962
0.12178619756427606
0.12162162162162163
0.1214574898785425
0.12129380053908356
0.12113055181695828
0.12096774193548387
0.12080536912751678
0.12064343163538874
0.12048192771084337
0.12032085561497326
0.12016021361815754
0.12
0.11984021304926765
0.1196808510638298
0.11952191235059761
0.11936339522546419
0.11920529801324503
0.11904761904761904
0.11889035667107001
0.11873350923482849
0.11857707509881422
0.11842105263157894
0.11826544021024968
0.11811023622047244
0.11795543905635648
0.11780104712041885
0.11764705882352941
0.1174934725848564
0.11734028683181226
0.1171875
0.11703511053315994
0.11688311688311688
0.11673151750972763
0.11658031088082901
0.11642949547218628
0.11627906976744186
0.11612903225806452
0.11597938144329897
0.11583011583011583
0.11568123393316196
0.11553273427471117
0.11666666666666667
0.11651728553137004
0.11764705882352941
0.11749680715197956
0.11734693877551021
0.11719745222929936
0.11704834605597965
0.11689961880559085
0.116751269035533
0.11660329531051965
0.11645569620253164
0.11630847029077118
0.11742424242424243
0.11727616645649433
0.11712846347607053
0.1169811320754717
0.11683417085427136
0.11668757841907151
0.11654135338345864
0.11639549436795996
0.11625
0.11610486891385768
0.1172069825436409
0.11830635118306351
0.1181592039800995
0.11801242236024845
0.11786600496277916
0.11771995043370508
0.11757425742574257
0.11742892459826947
0.11728395061728394
0.11713933415536375
0.11699507389162561
0.11685116851168512
0.1167076167076167
0.1165644171779141
0.11642156862745098
0.11627906976744186
0.11613691931540342
0.11721611721611722
0.11707317073170732
0.11693057247259439
0.11678832116788321
0.1166464155528554
0.11650485436893204
0.11636363636363636
0.1162227602905569
0.11608222490931076
0.11594202898550725
0.1158021712907117
0.11566265060240964
0.11552346570397112
0.11658653846153846
0.11644657863145258
0.11630695443645084
0.11616766467065869
0.11602870813397129
0.11589008363201912
0.11575178997613365
0.11561382598331346
0.11547619047619048
0.11533888228299644
0.11520190023752969
0.11506524317912219
0.11492890995260663
0.11479289940828402
0.11465721040189125
0.11452184179456906
0.11438679245283019
0.11425206124852769
0.11411764705882353
0.11398354876615746
0.11384976525821597
0.11371629542790153
0.11358313817330211
0.11345029239766082
0.11448598130841121
0.11435239206534423
0.11421911421911422
0.1140861466821886
0.11395348837209303
0.11382113821138211
0.1136890951276102
0.11355735805330243
0.11342592592592593
0.11329479768786127
0.11316397228637413
0.11303344867358708
0.11290322580645161
0.11277330264672036
0.11264367816091954
0.11251435132032148
0.11238532110091744
0.11225658648339061
0.11212814645308924
0.112
0.11187214611872145
0.11174458380843785
0.11161731207289294
0.11262798634812286
0.1125
0.11237230419977298
0.11224489795918367
0.11211778029445074
0.11199095022624435
0.11186440677966102
0.11173814898419865
0.11161217587373168
0.11148648648648649
0.1124859392575928
0.11235955056179775
0.1122334455667789
0.11210762331838565
0.11198208286674133
0.11297539149888143
0.11284916201117319
0.11272321428571429
0.11259754738015608
0.11247216035634744
0.11234705228031146
0.11222222222222222
0.11320754716981132
0.1130820399113082
0.11406423034330011
0.11393805309734513
0.11491712707182321
0.11479028697571744
0.11466372657111357
0.1145374449339207
0.11441144114411442
0.11428571428571428
0.1141602634467618
0.11403508771929824
0.11391018619934283
0.1137855579868709
0.11366120218579236
0.11353711790393013
0.1134133042529989
0.11328976034858387
0.11316648531011969
0.11304347826086956
0.11292073832790445
0.11279826464208242
0.11267605633802817
0.11255411255411256
0.11243243243243244
0.11231101511879049
0.1121898597626753
0.11206896551724138
0.11194833153928956
0.11182795698924732
0.11170784103114931
0.11158798283261803
0.11146838156484459
0.11134903640256959
0.11122994652406418
0.1111111111111111
0.11099252934898612
0.11087420042643924
0.11075612353567625
0.11063829787234042
0.11052072263549416
0.11040339702760085
0.1102863202545069
0.11016949152542373
0.1111111111111111
0.1109936575052854
0.1119324181626188
0.11181434599156118
0.11169652265542676
0.11157894736842106
0.11146161934805468
0.11134453781512606
0.11122770199370409
0.1111111111111111
0.11099476439790576
0.1108786610878661
0.11076280041797283
0.11064718162839249
0.1105318039624609
0.11041666666666666
0.11030176899063475
0.1101871101871102
0.11007268951194185
0.10995850622406639
0.10984455958549223
0.10973084886128365
0.11065149948293691
0.1115702479338843
0.11145510835913312
0.11134020618556702
0.11122554067971163
0.1111111111111111
0.11099691675231244
0.11088295687885011
0.11076923076923077
0.11065573770491803
0.1105424769703173
0.11042944785276074
0.11031664964249234
0.11020408163265306
0.1111111111111111
0.1109979633401222
0.11190233977619532
0.11178861788617886
0.1116751269035533
0.11156186612576065
0.11144883485309018
0.11133603238866396
0.11122345803842265
0.1111111111111111
0.11099899091826437
0.11088709677419355
0.1107754279959718
0.11066398390342053
0.11055276381909548
0.11044176706827309
0.11033099297893681
0.11022044088176353
0.11011011011011011
0.11
0.10989010989010989
