0.5
0.6666666666666666
0.75
0.6
0.5
0.42857142857142855
0.5
0.4444444444444444
0.5
0.5454545454545454
0.5833333333333334
0.5384615384615384
0.5
0.4666666666666667
0.4375
0.4117647058823529
0.3888888888888889
0.42105263157894735
0.4
0.38095238095238093
0.36363636363636365
0.34782608695652173
0.375
0.4
0.38461538461538464
0.37037037037037035
0.35714285714285715
0.3448275862068966
0.36666666666666664
0.3548387096774194
0.34375
0.3333333333333333
0.35294117647058826
0.34285714285714286
0.3333333333333333
0.32432432432432434
0.3157894736842105
0.3076923076923077
0.3
0.3170731707317073
0.30952380952380953
0.3023255813953488
0.29545454545454547
0.28888888888888886
0.2826086956521739
0.2765957446808511
0.2708333333333333
0.2653061224489796
0.26
0.2549019607843137
0.25
0.24528301886792453
0.24074074074074073
0.23636363636363636
0.23214285714285715
0.22807017543859648
0.22413793103448276
0.22033898305084745
0.21666666666666667
0.21311475409836064
0.20967741935483872
0.20634920634920634
0.203125
0.2
0.21212121212121213
0.208955223880597
0.22058823529411764
0.21739130434782608
0.21428571428571427
0.2112676056338028
0.20833333333333334
0.2191780821917808
0.21621621621621623
0.21333333333333335
0.21052631578947367
0.2077922077922078
0.20512820512820512
0.21518987341772153
0.225
0.2222222222222222
0.21951219512195122
0.21686746987951808
0.21428571428571427
0.21176470588235294
0.22093023255813954
0.21839080459770116
0.2159090909090909
0.21348314606741572
0.2111111111111111
0.2087912087912088
0.20652173913043478
0.20430107526881722
0.20212765957446807
0.2
0.20833333333333334
0.20618556701030927
0.20408163265306123
0.21212121212121213
0.21
0.2079207920792079
0.20588235294117646
0.20388349514563106
0.20192307692307693
0.20952380952380953
0.20754716981132076
0.205607476635514
0.2037037037037037
0.2018348623853211
0.2
0.1981981981981982
0.19642857142857142
0.19469026548672566
0.19298245614035087
0.2
0.19827586206896552
0.19658119658119658
0.19491525423728814
0.20168067226890757
0.20833333333333334
0.2066115702479339
0.21311475409836064
0.21138211382113822
0.20967741935483872
0.208
0.20634920634920634
0.2047244094488189
0.203125
0.20930232558139536
0.2076923076923077
0.20610687022900764
0.20454545454545456
0.20300751879699247
0.208955223880597
0.2074074074074074
0.20588235294117646
0.20437956204379562
0.2028985507246377
0.2014388489208633
0.2
0.19858156028368795
0.20422535211267606
0.20279720279720279
0.2013888888888889
0.20689655172413793
0.2054794520547945
0.20408163265306123
0.20270270270270271
0.20134228187919462
0.2
0.1986754966887417
0.20394736842105263
0.20261437908496732
0.2012987012987013
0.2064516129032258
0.20512820512820512
0.20382165605095542
0.20253164556962025
0.20125786163522014
0.2
0.19875776397515527
0.19753086419753085
0.19631901840490798
0.1951219512195122
0.19393939393939394
0.1927710843373494
0.19161676646706588
0.19642857142857142
0.1952662721893491
0.19411764705882353
0.19298245614035087
0.19186046511627908
0.1907514450867052
0.1896551724137931
0.19428571428571428
0.19318181818181818
0.192090395480226
0.19101123595505617
0.18994413407821228
0.18888888888888888
0.1878453038674033
0.18681318681318682
0.18579234972677597
0.18478260869565216
0.1837837837837838
0.1827956989247312
0.18181818181818182
0.18085106382978725
0.17989417989417988
0.17894736842105263
0.17801047120418848
0.18229166666666666
0.18134715025906736
0.18041237113402062
0.1794871794871795
0.17857142857142858
0.17766497461928935
0.17676767676767677
0.17587939698492464
0.175
0.17412935323383086
0.17326732673267325
0.17733990147783252
0.17647058823529413
0.17560975609756097
0.17475728155339806
0.17391304347826086
0.17307692307692307
0.1722488038277512
0.17142857142857143
0.17061611374407584
0.16981132075471697
0.17370892018779344
0.17289719626168223
0.17209302325581396
0.1712962962962963
0.17050691244239632
0.16972477064220184
0.1689497716894977
0.16818181818181818
0.167420814479638
0.16666666666666666
0.16591928251121077
0.16517857142857142
0.16444444444444445
0.16371681415929204
0.16299559471365638
0.16666666666666666
0.16593886462882096
0.16521739130434782
0.1645021645021645
0.16810344827586207
0.16738197424892703
0.16666666666666666
0.1702127659574468
0.17372881355932204
0.1729957805907173
0.1722689075630252
0.17154811715481172
0.17083333333333334
0.17012448132780084
0.16942148760330578
0.16872427983539096
0.1680327868852459
0.1673469387755102
0.16666666666666666
0.1659919028340081
0.16532258064516128
0.1646586345381526
0.164
0.16334661354581673
0.1626984126984127
0.16205533596837945
0.16141732283464566
0.1607843137254902
0.16015625
0.15953307392996108
0.15891472868217055
0.1583011583011583
0.1576923076923077
0.16091954022988506
0.16030534351145037
0.1596958174904943
0.1590909090909091
0.15849056603773584
0.15789473684210525
0.15730337078651685
0.16044776119402984
0.15985130111524162
0.16296296296296298
0.16236162361623616
0.16176470588235295
0.16117216117216118
0.16058394160583941
0.16363636363636364
0.16666666666666666
0.16606498194945848
0.16546762589928057
0.16487455197132617
0.16428571428571428
0.16370106761565836
0.16312056737588654
0.1625441696113074
0.1619718309859155
0.16140350877192983
0.16083916083916083
0.1602787456445993
0.16319444444444445
0.16262975778546712
0.16551724137931034
0.16838487972508592
0.1678082191780822
0.17064846416382254
0.17006802721088435
0.17288135593220338
0.17229729729729729
0.1717171717171717
0.17114093959731544
0.1705685618729097
0.17
0.16943521594684385
0.16887417218543047
0.16831683168316833
0.16776315789473684
0.16721311475409836
0.16666666666666666
0.16612377850162866
0.16558441558441558
0.16828478964401294
0.16774193548387098
0.16720257234726688
0.16666666666666666
0.16613418530351437
0.16560509554140126
0.16825396825396827
0.16772151898734178
0.167192429022082
0.16666666666666666
0.16614420062695925
0.16875
0.16822429906542055
0.16770186335403728
0.16718266253869968
0.16666666666666666
0.16615384615384615
0.1656441717791411
0.1651376146788991
0.16463414634146342
0.1641337386018237
0.16363636363636364
0.16314199395770393
0.16265060240963855
0.16516516516516516
0.16467065868263472
0.16417910447761194
0.1636904761904762
0.1661721068249258
0.16568047337278108
0.16519174041297935
0.16470588235294117
0.16422287390029325
0.16374269005847952
0.16326530612244897
0.16279069767441862
0.16231884057971013
0.16184971098265896
0.16138328530259366
0.16091954022988506
0.16045845272206305
0.16
0.15954415954415954
0.1590909090909091
0.15864022662889518
0.15819209039548024
0.15774647887323945
0.15730337078651685
0.1568627450980392
0.1564245810055866
0.15598885793871867
0.15555555555555556
0.15789473684210525
0.1574585635359116
0.15702479338842976
0.1565934065934066
0.15616438356164383
0.15846994535519127
0.15803814713896458
0.15760869565217392
0.15718157181571815
0.15675675675675677
0.15633423180592992
0.15591397849462366
0.1554959785522788
0.15508021390374332
0.15466666666666667
0.15425531914893617
0.15384615384615385
0.15343915343915343
0.15303430079155672
0.15263157894736842
0.15223097112860892
0.1518324607329843
0.1514360313315927
0.15104166666666666
0.15064935064935064
0.15025906735751296
0.14987080103359174
0.14948453608247422
0.14910025706940874
0.14871794871794872
0.1483375959079284
0.14795918367346939
0.1475826972010178
0.14720812182741116
0.1468354430379747
0.14646464646464646
0.14609571788413098
0.1457286432160804
0.14536340852130325
0.145
0.14463840399002495
0.14427860696517414
0.14640198511166252
0.14603960396039603
0.145679012345679
0.14532019704433496
0.14496314496314497
0.14460784313725492
0.14425427872860636
0.14390243902439023
0.145985401459854
0.14563106796116504
0.14527845036319612
0.14492753623188406
0.14457831325301204
0.14423076923076922
0.14388489208633093
0.14354066985645933
0.1431980906921241
0.14285714285714285
0.14251781472684086
0.14218009478672985
0.14184397163120568
0.14386792452830188
0.14352941176470588
0.1431924882629108
0.1451990632318501
0.14485981308411214
0.1445221445221445
0.14418604651162792
0.14385150812064965
0.14583333333333334
0.14549653579676675
0.14516129032258066
0.14482758620689656
0.1444954128440367
0.14416475972540047
0.14383561643835616
0.14350797266514806
0.1431818181818182
0.14512471655328799
0.14479638009049775
0.14446952595936793
0.14414414414414414
0.14382022471910114
0.14349775784753363
0.14317673378076062
0.14285714285714285
0.1447661469933185
0.14444444444444443
0.14412416851441243
0.14380530973451328
0.1434878587196468
0.14317180616740088
0.14285714285714285
0.1425438596491228
0.1422319474835886
0.14192139737991266
0.14161220043572983
0.14347826086956522
0.14316702819956617
0.14285714285714285
0.14254859611231102
0.14224137931034483
0.14193548387096774
0.14163090128755365
0.14132762312633834
0.14102564102564102
0.14072494669509594
0.14042553191489363
0.14012738853503184
0.13983050847457626
0.13953488372093023
0.13924050632911392
0.14105263157894737
0.1407563025210084
0.14046121593291405
0.1401673640167364
0.13987473903966596
0.13958333333333334
0.1392931392931393
0.13900414937759337
0.13871635610766045
0.1384297520661157
0.13814432989690723
0.13991769547325103
0.13963039014373715
0.13934426229508196
0.1390593047034765
0.13877551020408163
0.1384928716904277
0.13821138211382114
0.13995943204868155
0.1396761133603239
0.1393939393939394
0.13911290322580644
0.13883299798792756
0.13855421686746988
0.1402805611222445
0.142
0.14171656686626746
0.14342629482071714
0.14314115308151093
0.14285714285714285
0.14455445544554454
0.1442687747035573
0.14398422090729784
0.1437007874015748
0.14341846758349705
0.14313725490196078
0.14285714285714285
0.142578125
0.14230019493177387
0.14202334630350194
0.141747572815534
0.14147286821705427
0.14119922630560927
0.14092664092664092
0.14065510597302505
0.14038461538461539
0.1401151631477927
0.13984674329501914
0.14149139579349904
0.14122137404580154
0.14095238095238094
0.14068441064638784
0.14041745730550284
0.14015151515151514
0.13988657844990549
0.13962264150943396
0.1393596986817326
0.13909774436090225
0.13883677298311445
0.1404494382022472
0.14018691588785046
0.13992537313432835
0.13966480446927373
0.13940520446096655
0.1391465677179963
0.1388888888888889
0.13863216266173753
0.13837638376383765
0.13812154696132597
0.13786764705882354
0.13761467889908258
0.13736263736263737
0.13711151736745886
0.13686131386861314
0.1366120218579235
0.13636363636363635
0.13611615245009073
0.1358695652173913
0.13562386980108498
0.13537906137184116
0.13513513513513514
0.13489208633093525
0.13464991023339318
0.13440860215053763
0.13416815742397137
0.13392857142857142
0.13368983957219252
0.13345195729537365
0.13321492007104796
0.13297872340425532
0.13274336283185842
0.13250883392226148
0.13227513227513227
0.13380281690140844
0.1335676625659051
0.13333333333333333
0.1330998248686515
0.13286713286713286
0.13263525305410123
0.13240418118466898
0.13217391304347825
0.13194444444444445
0.1317157712305026
0.1314878892733564
0.13126079447322972
0.1310344827586207
0.13080895008605853
0.13058419243986255
0.13036020583190394
0.13184931506849315
0.13162393162393163
0.13139931740614336
0.131175468483816
0.13095238095238096
0.1307300509337861
0.13050847457627118
0.13028764805414553
0.13006756756756757
0.12984822934232715
0.13131313131313133
0.13109243697478992
0.13087248322147652
0.1306532663316583
0.13043478260869565
0.1302170283806344
0.13
0.129783693843594
0.12956810631229235
0.12935323383084577
0.1291390728476821
0.12892561983471074
0.13036303630363036
0.1301482701812191
0.1299342105263158
0.1297208538587849
0.12950819672131147
0.12929623567921442
0.12908496732026145
0.12887438825448613
0.12866449511400652
0.12845528455284552
0.12824675324675325
0.12965964343598055
0.12944983818770225
0.12924071082390953
0.12903225806451613
0.1288244766505636
0.12861736334405144
0.13001605136436598
0.13141025641025642
0.1312
0.13099041533546327
0.13078149920255183
0.1305732484076433
0.13036565977742448
0.13015873015873017
0.12995245641838352
0.13132911392405064
0.13112164296998421
0.1309148264984227
0.13070866141732285
0.13050314465408805
0.130298273155416
0.13009404388714735
0.1298904538341158
0.1296875
0.1294851794071763
0.1292834890965732
0.1290824261275272
0.12888198757763975
0.12868217054263567
0.12848297213622292
0.12828438948995363
0.12808641975308643
0.12788906009244994
0.1276923076923077
0.12749615975422426
0.1273006134969325
0.12710566615620214
0.12691131498470948
0.1282442748091603
0.12804878048780488
0.1278538812785388
0.1276595744680851
0.1274658573596358
0.12727272727272726
0.12708018154311648
0.1268882175226586
0.12669683257918551
0.12650602409638553
0.12781954887218044
0.12762762762762764
0.12743628185907047
0.12724550898203593
0.12705530642750373
0.12686567164179105
0.12667660208643816
0.12648809523809523
0.1263001485884101
0.1261127596439169
0.1259259259259259
0.1257396449704142
0.1255539143279173
0.12536873156342182
0.1251840942562592
0.125
0.12481644640234948
0.12463343108504399
0.12445095168374817
0.12426900584795321
0.12408759124087591
0.12536443148688048
0.12518195050946143
0.125
0.12481857764876633
0.1246376811594203
0.12445730824891461
0.12427745664739884
0.1240981240981241
0.1239193083573487
0.1237410071942446
0.1235632183908046
0.12338593974175036
0.12320916905444126
0.12303290414878398
0.12285714285714286
0.12268188302425106
0.1225071225071225
0.12233285917496443
0.12215909090909091
0.12198581560283688
0.12181303116147309
0.12164073550212164
0.12146892655367232
0.12129760225669958
0.12112676056338029
0.1209563994374121
0.12219101123595505
0.12201963534361851
0.12324929971988796
0.12447552447552447
0.12430167597765363
0.12412831241283125
0.12395543175487465
0.12378303198887343
0.12361111111111112
0.12343966712898752
0.12326869806094183
0.12309820193637622
0.12292817679558012
0.12275862068965518
0.12396694214876033
0.12379642365887207
0.125
0.12482853223593965
0.12465753424657534
0.12448700410396717
0.12431693989071038
0.12414733969986358
0.12397820163487738
0.12380952380952381
0.12364130434782608
0.12347354138398914
0.12330623306233063
0.12313937753721245
0.12297297297297298
0.12280701754385964
0.12264150943396226
0.1224764468371467
0.12231182795698925
0.1221476510067114
0.12198391420911528
0.12182061579651941
0.12165775401069519
0.12149532710280374
0.12133333333333333
0.12117177097203728
0.12234042553191489
0.12217795484727756
0.123342175066313
0.12317880794701987
0.12301587301587301
0.12285336856010567
0.12269129287598944
0.1225296442687747
0.12236842105263158
0.12352168199737187
0.12335958005249344
0.12319790301441677
0.12303664921465969
0.12287581699346405
0.1227154046997389
0.12255541069100391
0.12239583333333333
0.1235370611183355
0.12337662337662338
0.12321660181582361
0.12305699481865284
0.12289780077619664
0.1227390180878553
0.12258064516129032
0.12242268041237113
0.12226512226512226
0.12210796915167095
0.12323491655969192
0.12435897435897436
0.12419974391805377
0.12404092071611253
0.1251596424010217
0.12627551020408162
0.12611464968152866
0.12595419847328243
0.12579415501905972
0.12563451776649745
0.12547528517110265
0.12531645569620253
0.12515802781289506
0.125
0.12484237074401008
0.12468513853904283
0.12452830188679245
0.12437185929648241
0.12421580928481807
0.12406015037593984
0.12390488110137672
0.12375
0.12359550561797752
0.12344139650872818
0.1232876712328767
0.12313432835820895
0.12298136645962733
0.1228287841191067
0.12267657992565056
0.12376237623762376
0.12360939431396786
0.12345679012345678
0.12330456226880394
0.12315270935960591
0.12300123001230012
0.12285012285012285
0.12269938650306748
0.12254901960784313
0.12239902080783353
0.12224938875305623
0.1221001221001221
0.12195121951219512
0.12302070645554203
0.12287104622871046
0.1227217496962333
0.12257281553398058
0.12242424242424242
0.12227602905569007
0.12212817412333736
0.12198067632850242
0.1218335343787696
0.1216867469879518
0.12154031287605295
0.12139423076923077
0.1212484993997599
0.1211031175059952
0.12095808383233533
0.12081339712918661
0.12066905615292713
0.12052505966587113
0.12038140643623362
0.12023809523809524
0.12009512485136742
0.11995249406175772
0.11981020166073547
0.12085308056872038
0.12071005917159763
0.12056737588652482
0.1204250295159386
0.12028301886792453
0.12014134275618374
0.12
0.11985898942420682
0.11971830985915492
0.11957796014067995
0.11943793911007025
0.11929824561403508
0.1191588785046729
0.11901983663943991
0.11888111888111888
0.11874272409778813
0.1186046511627907
0.11846689895470383
0.11832946635730858
0.11819235225955968
0.11805555555555555
0.11791907514450867
0.11778290993071594
0.11764705882352941
0.1175115207373272
0.11737629459148446
0.11724137931034483
0.11710677382319173
0.11697247706422019
0.11683848797250859
0.11670480549199085
0.11657142857142858
0.11643835616438356
0.11630558722919042
0.11617312072892938
0.11604095563139932
0.1159090909090909
0.11577752553916004
0.11564625850340136
0.11551528878822197
0.11538461538461539
0.1152542372881356
0.11512415349887133
0.11499436302142052
0.11486486486486487
0.11473565804274466
0.1146067415730337
0.11447811447811448
0.11434977578475336
0.11422172452407615
0.11409395973154363
0.11396648044692738
0.11383928571428571
0.11371237458193979
0.11469933184855234
0.11457174638487208
0.11444444444444445
0.11431742508324085
0.11419068736141907
0.11406423034330011
0.11393805309734513
0.11491712707182321
0.11479028697571744
0.11466372657111357
0.1145374449339207
0.11441144114411442
0.11428571428571428
0.1141602634467618
0.11403508771929824
0.11391018619934283
0.1137855579868709
0.11366120218579236
0.11353711790393013
0.1134133042529989
0.11328976034858387
0.11425462459194777
0.11413043478260869
0.11400651465798045
0.113882863340564
0.11375947995666305
0.11363636363636363
0.11351351351351352
0.11339092872570194
0.11326860841423948
0.11314655172413793
0.11302475780409042
0.11290322580645161
0.11385606874328678
0.11373390557939914
0.11361200428724544
0.11349036402569593
0.1144385026737968
0.11431623931623931
0.11419423692636073
0.1140724946695096
0.11395101171458999
0.11382978723404255
0.11370882040382571
0.11358811040339703
0.11346765641569459
0.11440677966101695
0.11428571428571428
0.11416490486257928
0.11404435058078141
0.11392405063291139
0.11380400421496312
0.11368421052631579
0.11356466876971609
0.1134453781512605
0.11332633788037776
0.11320754716981132
0.1130890052356021
0.11297071129707113
0.11285266457680251
0.1127348643006263
0.11261730969760167
0.1125
0.11342351716961499
0.11330561330561331
0.11318795430944964
0.11307053941908714
0.11295336787564766
0.11283643892339544
0.11271975180972078
0.11260330578512397
0.11351909184726522
0.1134020618556701
0.11328527291452112
0.11419753086419752
0.11408016443987667
0.11396303901437371
0.11384615384615385
0.11372950819672131
0.11361310133060389
0.11349693251533742
0.11338100102145046
0.11326530612244898
0.11314984709480122
0.11303462321792261
0.11393692777212615
0.11382113821138211
0.11370558375634518
0.11359026369168357
0.11347517730496454
0.11336032388663968
0.11324570273003033
0.11313131313131314
0.11301715438950555
0.11290322580645161
0.11278952668680765
0.11267605633802817
0.11256281407035176
0.11244979919678715
0.1123370110330993
0.11222444889779559
0.11211211211211211
0.113
0.11288711288711288
