0.5
0.6666666666666666
0.5
0.4
0.3333333333333333
0.2857142857142857
0.25
0.2222222222222222
0.2
0.18181818181818182
0.25
0.23076923076923078
0.2857142857142857
0.26666666666666666
0.3125
0.29411764705882354
0.2777777777777778
0.3157894736842105
0.3
0.2857142857142857
0.2727272727272727
0.2608695652173913
0.25
0.28
0.2692307692307692
0.25925925925925924
0.2857142857142857
0.3103448275862069
0.3
0.2903225806451613
0.28125
0.30303030303030304
0.29411764705882354
0.2857142857142857
0.2777777777777778
0.2972972972972973
0.2894736842105263
0.28205128205128205
0.275
0.2682926829268293
0.2619047619047619
0.27906976744186046
0.2727272727272727
0.26666666666666666
0.2608695652173913
0.2553191489361702
0.2708333333333333
0.2653061224489796
0.26
0.27450980392156865
0.2692307692307692
0.2641509433962264
0.25925925925925924
0.2727272727272727
0.2857142857142857
0.2807017543859649
0.29310344827586204
0.3050847457627119
0.3
0.29508196721311475
0.3064516129032258
0.30158730158730157
0.3125
0.3076923076923077
0.30303030303030304
0.31343283582089554
0.3088235294117647
0.30434782608695654
0.3
0.29577464788732394
0.2916666666666667
0.2876712328767123
0.28378378378378377
0.29333333333333333
0.2894736842105263
0.2857142857142857
0.28205128205128205
0.27848101265822783
0.275
0.2716049382716049
0.2682926829268293
0.26506024096385544
0.2619047619047619
0.25882352941176473
0.2558139534883721
0.25287356321839083
0.25
0.25842696629213485
0.25555555555555554
0.25274725274725274
0.25
0.24731182795698925
0.24468085106382978
0.24210526315789474
0.23958333333333334
0.23711340206185566
0.23469387755102042
0.24242424242424243
0.24
0.2376237623762376
0.23529411764705882
0.23300970873786409
0.23076923076923078
0.23809523809523808
0.2358490566037736
0.2336448598130841
0.23148148148148148
0.22935779816513763
0.22727272727272727
0.22522522522522523
0.22321428571428573
0.22123893805309736
0.21929824561403508
0.21739130434782608
0.21551724137931033
0.21367521367521367
0.22033898305084745
0.2184873949579832
0.21666666666666667
0.21487603305785125
0.21311475409836064
0.21951219512195122
0.21774193548387097
0.216
0.21428571428571427
0.2125984251968504
0.21875
0.2248062015503876
0.2230769230769231
0.22137404580152673
0.2196969696969697
0.21804511278195488
0.21641791044776118
0.21481481481481482
0.21323529411764705
0.21897810218978103
0.21739130434782608
0.2158273381294964
0.21428571428571427
0.2127659574468085
0.2112676056338028
0.2097902097902098
0.20833333333333334
0.20689655172413793
0.2054794520547945
0.20408163265306123
0.20270270270270271
0.20134228187919462
0.2
0.1986754966887417
0.19736842105263158
0.19607843137254902
0.19480519480519481
0.2
0.1987179487179487
0.19745222929936307
0.1962025316455696
0.1949685534591195
0.19375
0.19254658385093168
0.19135802469135801
0.1901840490797546
0.18902439024390244
0.18787878787878787
0.18674698795180722
0.18562874251497005
0.18452380952380953
0.1834319526627219
0.18235294117647058
0.18128654970760233
0.18023255813953487
0.1791907514450867
0.1781609195402299
0.17714285714285713
0.18181818181818182
0.1807909604519774
0.1797752808988764
0.1787709497206704
0.17777777777777778
0.17679558011049723
0.17582417582417584
0.17486338797814208
0.17391304347826086
0.17297297297297298
0.17204301075268819
0.1711229946524064
0.1702127659574468
0.1693121693121693
0.16842105263157894
0.16753926701570682
0.16666666666666666
0.16580310880829016
0.16494845360824742
0.16923076923076924
0.1683673469387755
0.16751269035532995
0.16666666666666666
0.1658291457286432
0.165
0.16417910447761194
0.16336633663366337
0.1625615763546798
0.16666666666666666
0.16585365853658537
0.1650485436893204
0.1642512077294686
0.16346153846153846
0.16267942583732056
0.16666666666666666
0.16587677725118483
0.1650943396226415
0.1643192488262911
0.16355140186915887
0.16279069767441862
0.16203703703703703
0.16129032258064516
0.1651376146788991
0.1643835616438356
0.16363636363636364
0.16289592760180996
0.16216216216216217
0.16143497757847533
0.16071428571428573
0.16
0.1592920353982301
0.15859030837004406
0.15789473684210525
0.1572052401746725
0.1565217391304348
0.15584415584415584
0.15517241379310345
0.15450643776824036
0.15384615384615385
0.15319148936170213
0.15254237288135594
0.1518987341772152
0.15126050420168066
0.1506276150627615
0.15416666666666667
0.15352697095435686
0.15289256198347106
0.1522633744855967
0.15163934426229508
0.1510204081632653
0.15040650406504066
0.14979757085020243
0.14919354838709678
0.14859437751004015
0.148
0.14741035856573706
0.14682539682539683
0.14624505928853754
0.14566929133858267
0.1450980392156863
0.14453125
0.14396887159533073
0.1434108527131783
0.14285714285714285
0.14615384615384616
0.14559386973180077
0.1450381679389313
0.1444866920152091
0.14393939393939395
0.14339622641509434
0.14285714285714285
0.14232209737827714
0.1417910447761194
0.1412639405204461
0.14444444444444443
0.14391143911439114
0.14338235294117646
0.14285714285714285
0.14233576642335766
0.14181818181818182
0.14130434782608695
0.1407942238267148
0.14028776978417265
0.13978494623655913
0.1392857142857143
0.1387900355871886
0.13829787234042554
0.13780918727915195
0.13732394366197184
0.1368421052631579
0.13636363636363635
0.13588850174216027
0.13541666666666666
0.13494809688581316
0.13448275862068965
0.13402061855670103
0.13356164383561644
0.13310580204778158
0.1326530612244898
0.13220338983050847
0.13175675675675674
0.13131313131313133
0.13087248322147652
0.13043478260869565
0.13333333333333333
0.132890365448505
0.13245033112582782
0.1353135313531353
0.13486842105263158
0.13442622950819672
0.13398692810457516
0.13355048859934854
0.1331168831168831
0.13268608414239483
0.13225806451612904
0.13183279742765272
0.13141025641025642
0.134185303514377
0.1337579617834395
0.1365079365079365
0.1360759493670886
0.13564668769716087
0.13522012578616352
0.13479623824451412
0.134375
0.13395638629283488
0.13354037267080746
0.13312693498452013
0.13271604938271606
0.13230769230769232
0.13190184049079753
0.13149847094801223
0.13109756097560976
0.13069908814589665
0.1303030303030303
0.1299093655589124
0.12951807228915663
0.12912912912912913
0.12874251497005987
0.13134328358208955
0.13095238095238096
0.13056379821958458
0.1301775147928994
0.12979351032448377
0.12941176470588237
0.12903225806451613
0.1286549707602339
0.1282798833819242
0.12790697674418605
0.12753623188405797
0.12716763005780346
0.12680115273775217
0.12643678160919541
0.12607449856733524
0.12571428571428572
0.1282051282051282
0.1278409090909091
0.1274787535410765
0.1271186440677966
0.1267605633802817
0.12640449438202248
0.12605042016806722
0.12569832402234637
0.12813370473537605
0.12777777777777777
0.12742382271468145
0.1270718232044199
0.12672176308539945
0.12637362637362637
0.12602739726027398
0.12568306010928962
0.12534059945504086
0.125
0.12466124661246612
0.12432432432432433
0.12398921832884097
0.12365591397849462
0.12332439678284182
0.12299465240641712
0.12266666666666666
0.12234042553191489
0.1220159151193634
0.12169312169312169
0.12137203166226913
0.12105263157894737
0.12335958005249344
0.12303664921465969
0.1227154046997389
0.12239583333333333
0.12207792207792208
0.12176165803108809
0.12144702842377261
0.1211340206185567
0.12082262210796915
0.12051282051282051
0.12020460358056266
0.11989795918367346
0.11959287531806616
0.11928934010152284
0.1189873417721519
0.11868686868686869
0.12090680100755667
0.12060301507537688
0.12030075187969924
0.1225
0.12219451371571072
0.12189054726368159
0.12406947890818859
0.12376237623762376
0.12345679012345678
0.12315270935960591
0.12285012285012285
0.12254901960784313
0.12224938875305623
0.12195121951219512
0.12408759124087591
0.12378640776699029
0.1234866828087167
0.12318840579710146
0.12289156626506025
0.12259615384615384
0.1223021582733813
0.12200956937799043
0.12171837708830549
0.12142857142857143
0.12114014251781473
0.12085308056872038
0.12056737588652482
0.12028301886792453
0.12
0.12206572769953052
0.12177985948477751
0.12149532710280374
0.12121212121212122
0.12093023255813953
0.12064965197215777
0.12037037037037036
0.12009237875288684
0.11981566820276497
0.11954022988505747
0.11926605504587157
0.11899313501144165
0.1187214611872146
0.12072892938496584
0.12045454545454545
0.12018140589569161
0.11990950226244344
0.11963882618510158
0.11936936936936937
0.11910112359550562
0.11883408071748879
0.1185682326621924
0.11830357142857142
0.11804008908685969
0.11777777777777777
0.11751662971175167
0.1172566371681416
0.11699779249448124
0.11674008810572688
0.11648351648351649
0.1162280701754386
0.11597374179431072
0.11572052401746726
0.11546840958605664
0.11521739130434783
0.11496746203904555
0.11471861471861472
0.11447084233261338
0.11422413793103449
0.11397849462365592
0.11587982832618025
0.11563169164882227
0.11752136752136752
0.11727078891257996
0.11702127659574468
0.11677282377919321
0.11652542372881355
0.11627906976744186
0.1160337552742616
0.11578947368421053
0.11554621848739496
0.11530398322851153
0.11506276150627615
0.11482254697286012
0.11458333333333333
0.11434511434511435
0.11410788381742738
0.11387163561076605
0.11363636363636363
0.1134020618556701
0.11316872427983539
0.11293634496919917
0.11270491803278689
0.11247443762781185
0.11224489795918367
0.11405295315682282
0.11382113821138211
0.11359026369168357
0.11336032388663968
0.11313131313131314
0.11290322580645161
0.11267605633802817
0.1144578313253012
0.11422845691382766
0.114
0.11377245508982035
0.11354581673306773
0.11332007952286283
0.1130952380952381
0.11287128712871287
0.11264822134387352
0.11242603550295859
0.1141732283464567
0.11394891944990176
0.11372549019607843
0.11350293542074363
0.11328125
0.11306042884990253
0.11284046692607004
0.11262135922330097
0.1124031007751938
0.11218568665377177
0.1138996138996139
0.11560693641618497
0.11538461538461539
0.11708253358925144
0.11685823754789272
0.11663479923518165
0.11641221374045801
0.11619047619047619
0.11596958174904944
0.1157495256166983
0.11553030303030302
0.11531190926275993
0.11509433962264151
0.11487758945386065
0.11466165413533834
0.11444652908067542
0.11423220973782772
0.11588785046728972
0.11753731343283583
0.11731843575418995
0.1171003717472119
0.11873840445269017
0.11851851851851852
0.11829944547134935
0.11808118081180811
0.11786372007366483
0.11764705882352941
0.11743119266055047
0.11721611721611722
0.1170018281535649
0.11678832116788321
0.11657559198542805
0.11818181818181818
0.11796733212341198
0.11775362318840579
0.11934900542495479
0.11913357400722022
0.11891891891891893
0.11870503597122302
0.118491921005386
0.11827956989247312
0.11806797853309481
0.11785714285714285
0.11764705882352941
0.11921708185053381
0.11900532859680284
0.11879432624113476
0.11858407079646018
0.12014134275618374
0.11992945326278659
0.11971830985915492
0.1195079086115993
0.11929824561403508
0.1190893169877408
0.11888111888111888
0.11867364746945899
0.11846689895470383
0.11826086956521739
0.11979166666666667
0.1195840554592721
0.11937716262975778
0.11917098445595854
0.11896551724137931
0.11876075731497418
0.11855670103092783
0.1183533447684391
0.11815068493150685
0.11794871794871795
0.11774744027303755
0.11754684838160136
0.11734693877551021
0.11714770797962648
0.11694915254237288
0.11844331641285956
0.11824324324324324
0.11973018549747048
0.11952861952861953
0.11932773109243698
0.11912751677852348
0.11892797319932999
0.11872909698996656
0.11853088480801335
0.11833333333333333
0.11813643926788686
0.11794019933554817
0.11940298507462686
0.11920529801324503
0.11900826446280992
0.12046204620462046
0.12026359143327842
0.12006578947368421
0.11986863711001643
0.11967213114754098
0.11947626841243862
0.119281045751634
0.11908646003262642
0.11889250814332247
0.11869918699186992
0.1185064935064935
0.11831442463533225
0.11812297734627832
0.11793214862681745
0.11774193548387096
0.11916264090177134
0.1189710610932476
0.1187800963081862
0.11858974358974358
0.1184
0.11980830670926518
0.11961722488038277
0.11942675159235669
0.1192368839427663
0.11904761904761904
0.11885895404120443
0.11867088607594936
0.11848341232227488
0.11829652996845426
0.11811023622047244
0.11949685534591195
0.11930926216640503
0.11912225705329153
0.1189358372456964
0.1203125
0.12012480499219969
0.11993769470404984
0.11975116640746501
0.11956521739130435
0.11937984496124031
0.11919504643962849
0.11901081916537867
0.11882716049382716
0.12018489984591679
0.12
0.11981566820276497
0.1196319018404908
0.11944869831546708
0.11926605504587157
0.11908396946564885
0.11890243902439024
0.1202435312024353
0.12006079027355623
0.11987860394537178
0.11969696969696969
0.11951588502269289
0.11933534743202417
0.1191553544494721
0.11897590361445783
0.11879699248120301
0.11861861861861862
0.1199400299850075
0.11976047904191617
0.11958146487294469
0.11940298507462686
0.11922503725782414
0.11904761904761904
0.1188707280832095
0.11869436201780416
0.11851851851851852
0.11834319526627218
0.11816838995568685
0.11799410029498525
0.11782032400589101
0.11764705882352941
0.11747430249632893
0.11730205278592376
0.1171303074670571
0.11695906432748537
0.11678832116788321
0.11661807580174927
0.11644832605531295
0.11773255813953488
0.11756168359941944
0.11739130434782609
0.11722141823444283
0.11705202312138728
0.11688311688311688
0.11671469740634005
0.11654676258992806
0.11637931034482758
0.11621233859397417
0.11604584527220631
0.11587982832618025
0.11571428571428571
0.11554921540656206
0.11538461538461539
0.11522048364153627
0.11505681818181818
0.1148936170212766
0.11473087818696884
0.11456859971711457
0.11440677966101695
0.11424541607898449
0.11408450704225352
0.11392405063291139
0.11376404494382023
0.11360448807854137
0.1134453781512605
0.11328671328671329
0.11312849162011174
0.11297071129707113
0.11281337047353761
0.11265646731571627
0.1125
0.11373092926490985
0.11357340720221606
0.11479944674965421
0.11464088397790055
0.11448275862068966
0.11432506887052342
0.11416781292984869
0.11401098901098901
0.11385459533607682
0.1136986301369863
0.11354309165526676
0.1133879781420765
0.11323328785811733
0.11444141689373297
0.11428571428571428
0.11413043478260869
0.11397557666214382
0.11382113821138211
0.11366711772665765
0.11351351351351352
0.11470985155195682
0.11455525606469003
0.11440107671601615
0.11559139784946236
0.11677852348993288
0.11662198391420911
0.11646586345381527
0.1163101604278075
0.11615487316421896
0.116
0.11584553928095873
0.11569148936170212
0.11553784860557768
0.11538461538461539
0.1152317880794702
0.11507936507936507
0.11492734478203434
0.11477572559366754
0.11462450592885376
0.11447368421052631
0.11432325886990802
0.1141732283464567
0.11402359108781127
0.11387434554973822
0.11372549019607843
0.11357702349869452
0.11342894393741851
0.11328125
0.11313394018205461
0.11298701298701298
0.11284046692607004
0.11269430051813471
0.11254851228978008
0.1124031007751938
0.11225806451612903
0.11211340206185567
0.11196911196911197
0.11182519280205655
0.1116816431322208
0.11153846153846154
0.11139564660691421
0.11125319693094629
0.1111111111111111
0.11096938775510204
0.11082802547770701
0.11068702290076336
0.11054637865311309
0.11040609137055837
0.11026615969581749
0.11139240506329114
0.11125158027812895
0.1111111111111111
0.11097099621689786
0.11083123425692695
0.11069182389937107
0.11055276381909548
0.11041405269761606
0.11027568922305764
0.11013767209011265
0.11
0.10986267166042447
0.10972568578553615
0.1095890410958904
0.10945273631840796
0.1093167701863354
0.10918114143920596
0.1090458488228005
0.10891089108910891
0.10877626699629171
0.10864197530864197
0.10850801479654747
0.10960591133004927
0.10947109471094711
0.10933660933660934
0.10920245398773006
0.1090686274509804
0.10893512851897184
0.10880195599022005
0.10866910866910867
0.10853658536585366
0.10840438489646773
0.10827250608272507
0.10814094775212636
0.10800970873786407
0.10787878787878788
0.10774818401937046
0.10761789600967352
0.10748792270531402
0.10735826296743065
0.10722891566265061
0.10709987966305656
0.10697115384615384
0.10684273709483794
0.10671462829736211
0.10658682634730539
0.10645933014354067
0.1063321385902031
0.10620525059665871
0.10607866507747318
0.10714285714285714
0.1070154577883472
0.10688836104513064
0.10676156583629894
0.10781990521327015
0.1076923076923077
0.10874704491725769
0.10861865407319952
0.10849056603773585
0.10836277974087162
0.10941176470588235
0.10928319623971798
0.10915492957746478
0.10902696365767878
0.10889929742388758
0.10877192982456141
0.10864485981308411
0.10851808634772463
0.10839160839160839
0.10826542491268917
0.10813953488372093
0.1091753774680604
0.10904872389791183
0.10892236384704519
0.1087962962962963
0.10867052023121387
0.10854503464203233
0.10841983852364476
0.10829493087557604
0.10817031070195628
0.10804597701149425
0.1079219288174512
0.10779816513761468
0.10767468499427263
0.10755148741418764
0.10857142857142857
0.10844748858447488
0.10832383124287344
0.1082004555808656
0.10921501706484642
0.10909090909090909
0.10896708286038592
0.10884353741496598
0.1087202718006795
0.1085972850678733
0.10847457627118644
0.10835214446952596
0.10822998872604284
0.10810810810810811
0.10798650168728909
0.10786516853932585
0.10774410774410774
0.10762331838565023
0.10750279955207166
0.10738255033557047
0.10726256983240223
0.10714285714285714
0.10702341137123746
0.10690423162583519
0.1067853170189099
0.10666666666666667
0.10654827968923418
0.10643015521064302
0.10631229235880399
0.10619469026548672
0.10607734806629834
0.10596026490066225
0.10584343991179714
0.10572687224669604
0.10561056105610561
0.1054945054945055
0.10647639956092206
0.10635964912280702
0.10624315443592552
0.1061269146608315
0.10601092896174863
0.10589519650655022
0.10577971646673937
0.1056644880174292
0.10554951033732318
0.10543478260869565
0.10532030401737243
0.1052060737527115
0.10509209100758396
0.10497835497835498
0.10486486486486486
0.10475161987041037
0.104638619201726
0.10452586206896551
0.10441334768568353
0.1043010752688172
0.1041890440386681
0.10407725321888411
0.10396570203644159
0.10385438972162742
0.10374331550802139
0.10363247863247864
0.10352187833511206
0.10341151385927505
0.1033013844515442
0.10319148936170212
0.1030818278427205
0.1029723991507431
0.10286320254506894
0.1027542372881356
0.10264550264550265
0.10253699788583509
0.10242872228088701
0.10232067510548523
0.10221285563751317
0.10210526315789474
0.10199789695057834
0.10189075630252101
0.10178384050367262
0.10167714884696016
0.10261780104712041
0.10251046025104603
0.10240334378265413
0.1022964509394572
0.10218978102189781
0.10208333333333333
0.10197710718002082
0.10187110187110188
0.10176531671858775
0.1016597510373444
0.10155440414507771
0.10144927536231885
0.10237849017580145
0.10227272727272728
0.1021671826625387
0.10309278350515463
0.10298661174047374
0.102880658436214
0.10277492291880781
0.1026694045174538
0.10256410256410256
0.10348360655737705
0.10337768679631525
0.10429447852760736
0.1041879468845761
0.10408163265306122
0.10397553516819572
0.10386965376782077
0.10376398779247202
0.10365853658536585
0.10355329949238579
0.10344827586206896
0.1033434650455927
0.10323886639676114
0.10313447927199192
0.10303030303030303
0.1029263370332997
0.1028225806451613
0.1027190332326284
0.10362173038229376
0.1035175879396985
0.10341365461847389
0.10330992978936811
0.10320641282565131
0.1031031031031031
0.103
0.1028971028971029
