0.5
0.3333333333333333
0.25
0.2
0.16666666666666666
0.14285714285714285
0.125
0.1111111111111111
0.1
0.09090909090909091
0.08333333333333333
0.07692307692307693
0.14285714285714285
0.13333333333333333
0.125
0.11764705882352941
0.1111111111111111
0.15789473684210525
0.15
0.14285714285714285
0.13636363636363635
0.13043478260869565
0.125
0.12
0.11538461538461539
0.1111111111111111
0.10714285714285714
0.10344827586206896
0.1
0.12903225806451613
0.125
0.12121212121212122
0.14705882352941177
0.14285714285714285
0.16666666666666666
0.16216216216216217
0.15789473684210525
0.15384615384615385
0.175
0.17073170731707318
0.16666666666666666
0.16279069767441862
0.1590909090909091
0.15555555555555556
0.15217391304347827
0.14893617021276595
0.14583333333333334
0.16326530612244897
0.16
0.1568627450980392
0.15384615384615385
0.1509433962264151
0.16666666666666666
0.18181818181818182
0.17857142857142858
0.17543859649122806
0.1724137931034483
0.1864406779661017
0.18333333333333332
0.19672131147540983
0.1935483870967742
0.19047619047619047
0.1875
0.18461538461538463
0.19696969696969696
0.19402985074626866
0.19117647058823528
0.18840579710144928
0.18571428571428572
0.18309859154929578
0.18055555555555555
0.1780821917808219
0.17567567567567569
0.17333333333333334
0.17105263157894737
0.16883116883116883
0.16666666666666666
0.16455696202531644
0.1625
0.1728395061728395
0.17073170731707318
0.18072289156626506
0.17857142857142858
0.18823529411764706
0.19767441860465115
0.19540229885057472
0.19318181818181818
0.20224719101123595
0.2
0.1978021978021978
0.20652173913043478
0.20430107526881722
0.20212765957446807
0.21052631578947367
0.20833333333333334
0.20618556701030927
0.20408163265306123
0.20202020202020202
0.2
0.19801980198019803
0.19607843137254902
0.1941747572815534
0.20192307692307693
0.2
0.19811320754716982
0.19626168224299065
0.19444444444444445
0.1926605504587156
0.19090909090909092
0.1891891891891892
0.19642857142857142
0.19469026548672566
0.19298245614035087
0.19130434782608696
0.1896551724137931
0.18803418803418803
0.1864406779661017
0.18487394957983194
0.18333333333333332
0.18181818181818182
0.1885245901639344
0.18699186991869918
0.18548387096774194
0.192
0.19047619047619047
0.1889763779527559
0.1875
0.18604651162790697
0.18461538461538463
0.183206106870229
0.18181818181818182
0.18045112781954886
0.1791044776119403
0.17777777777777778
0.17647058823529413
0.17518248175182483
0.17391304347826086
0.17985611510791366
0.17857142857142858
0.1773049645390071
0.176056338028169
0.17482517482517482
0.1736111111111111
0.1724137931034483
0.1780821917808219
0.17687074829931973
0.17567567567567569
0.174496644295302
0.17333333333333334
0.17218543046357615
0.17105263157894737
0.16993464052287582
0.16883116883116883
0.17419354838709677
0.17307692307692307
0.17834394904458598
0.17721518987341772
0.1761006289308176
0.175
0.17391304347826086
0.1728395061728395
0.17177914110429449
0.17073170731707318
0.1696969696969697
0.1686746987951807
0.16766467065868262
0.16666666666666666
0.17159763313609466
0.17058823529411765
0.1695906432748538
0.1686046511627907
0.1676300578034682
0.16666666666666666
0.1657142857142857
0.16477272727272727
0.1638418079096045
0.16292134831460675
0.16201117318435754
0.16111111111111112
0.16022099447513813
0.15934065934065933
0.15846994535519127
0.15760869565217392
0.15675675675675677
0.15591397849462366
0.15508021390374332
0.15425531914893617
0.15343915343915343
0.15263157894736842
0.1518324607329843
0.15625
0.15544041450777202
0.15463917525773196
0.15384615384615385
0.15306122448979592
0.15228426395939088
0.15151515151515152
0.1507537688442211
0.15
0.14925373134328357
0.1485148514851485
0.1477832512315271
0.14705882352941177
0.15121951219512195
0.15048543689320387
0.1497584541062802
0.14903846153846154
0.14832535885167464
0.14761904761904762
0.14691943127962084
0.14622641509433962
0.14553990610328638
0.14485981308411214
0.14418604651162792
0.14351851851851852
0.14285714285714285
0.14220183486238533
0.1415525114155251
0.1409090909090909
0.14027149321266968
0.13963963963963963
0.13901345291479822
0.13839285714285715
0.13777777777777778
0.13716814159292035
0.13656387665198239
0.13596491228070176
0.13537117903930132
0.13478260869565217
0.1341991341991342
0.1336206896551724
0.13304721030042918
0.13247863247863248
0.13191489361702127
0.13135593220338984
0.1308016877637131
0.13025210084033614
0.13389121338912133
0.13333333333333333
0.13278008298755187
0.1322314049586777
0.13168724279835392
0.13114754098360656
0.1306122448979592
0.13008130081300814
0.12955465587044535
0.12903225806451613
0.1285140562248996
0.128
0.12749003984063745
0.12698412698412698
0.12648221343873517
0.12598425196850394
0.12549019607843137
0.125
0.1245136186770428
0.12403100775193798
0.12355212355212356
0.12307692307692308
0.12260536398467432
0.12213740458015267
0.12167300380228137
0.12121212121212122
0.12075471698113208
0.12030075187969924
0.1198501872659176
0.11940298507462686
0.11895910780669144
0.11851851851851852
0.11808118081180811
0.11764705882352941
0.11721611721611722
0.11678832116788321
0.11636363636363636
0.11594202898550725
0.11552346570397112
0.11510791366906475
0.11469534050179211
0.11428571428571428
0.11387900355871886
0.11347517730496454
0.11307420494699646
0.11267605633802817
0.11228070175438597
0.11188811188811189
0.11149825783972125
0.1111111111111111
0.11072664359861592
0.1103448275862069
0.1134020618556701
0.11301369863013698
0.11262798634812286
0.11224489795918367
0.11186440677966102
0.11148648648648649
0.1111111111111111
0.11073825503355705
0.11036789297658862
0.11
0.10963455149501661
0.10927152317880795
0.11221122112211221
0.1118421052631579
0.11147540983606558
0.1111111111111111
0.11400651465798045
0.11363636363636363
0.11326860841423948
0.11290322580645161
0.11254019292604502
0.11217948717948718
0.11182108626198083
0.11146496815286625
0.11428571428571428
0.11392405063291139
0.11356466876971609
0.11320754716981132
0.11285266457680251
0.1125
0.11214953271028037
0.11180124223602485
0.11145510835913312
0.1111111111111111
0.11076923076923077
0.11042944785276074
0.11314984709480122
0.11280487804878049
0.11246200607902736
0.11212121212121212
0.11178247734138973
0.11144578313253012
0.1111111111111111
0.11077844311377245
0.11044776119402985
0.1130952380952381
0.11275964391691394
0.11242603550295859
0.11209439528023599
0.11176470588235295
0.11143695014662756
0.11403508771929824
0.11370262390670553
0.11337209302325581
0.11594202898550725
0.11560693641618497
0.11527377521613832
0.11494252873563218
0.1174785100286533
0.11714285714285715
0.1168091168091168
0.11931818181818182
0.11898016997167139
0.12146892655367232
0.12112676056338029
0.12078651685393259
0.12044817927170869
0.12011173184357542
0.11977715877437325
0.11944444444444445
0.11911357340720222
0.11878453038674033
0.1184573002754821
0.11813186813186813
0.1178082191780822
0.11748633879781421
0.11716621253405994
0.11684782608695653
0.11653116531165311
0.11891891891891893
0.11859838274932614
0.12096774193548387
0.12064343163538874
0.12032085561497326
0.12
0.1196808510638298
0.11936339522546419
0.11904761904761904
0.12137203166226913
0.12105263157894737
0.12073490813648294
0.12041884816753927
0.12010443864229765
0.11979166666666667
0.11948051948051948
0.11917098445595854
0.11886304909560723
0.11855670103092783
0.11825192802056556
0.11794871794871795
0.11764705882352941
0.11734693877551021
0.11704834605597965
0.116751269035533
0.11645569620253164
0.11616161616161616
0.11586901763224182
0.11557788944723618
0.11528822055137844
0.115
0.11471321695760599
0.11442786069651742
0.1141439205955335
0.11386138613861387
0.11358024691358025
0.11330049261083744
0.11302211302211303
0.11274509803921569
0.11246943765281174
0.11219512195121951
0.11192214111922141
0.11165048543689321
0.11138014527845036
0.11352657004830918
0.11325301204819277
0.11298076923076923
0.11270983213429256
0.11244019138755981
0.11217183770883055
0.11190476190476191
0.11163895486935867
0.11374407582938388
0.11347517730496454
0.11320754716981132
0.11294117647058824
0.11267605633802817
0.11241217798594848
0.11214953271028037
0.11421911421911422
0.11395348837209303
0.1136890951276102
0.11342592592592593
0.11316397228637413
0.11290322580645161
0.11264367816091954
0.11467889908256881
0.11441647597254005
0.1141552511415525
0.11389521640091116
0.11363636363636363
0.11337868480725624
0.11312217194570136
0.11286681715575621
0.11261261261261261
0.11235955056179775
0.11434977578475336
0.11409395973154363
0.11383928571428571
0.11358574610244988
0.11333333333333333
0.11529933481152993
0.11504424778761062
0.11479028697571744
0.1145374449339207
0.11428571428571428
0.1162280701754386
0.11597374179431072
0.11572052401746726
0.11546840958605664
0.11521739130434783
0.11496746203904555
0.11471861471861472
0.11447084233261338
0.11637931034482758
0.11612903225806452
0.11587982832618025
0.11563169164882227
0.11538461538461539
0.11513859275053305
0.1148936170212766
0.11464968152866242
0.11440677966101695
0.11416490486257928
0.11392405063291139
0.11368421052631579
0.11554621848739496
0.11530398322851153
0.11506276150627615
0.11691022964509394
0.11666666666666667
0.11642411642411643
0.11618257261410789
0.11594202898550725
0.11570247933884298
0.1154639175257732
0.11522633744855967
0.11498973305954825
0.11475409836065574
0.11451942740286299
0.11632653061224489
0.11608961303462322
0.11585365853658537
0.11764705882352941
0.11740890688259109
0.11717171717171718
0.11693548387096774
0.11670020120724346
0.11646586345381527
0.11623246492985972
0.116
0.1157684630738523
0.11553784860557768
0.11530815109343936
0.11507936507936507
0.11485148514851486
0.11462450592885376
0.11439842209072978
0.1141732283464567
0.11394891944990176
0.11372549019607843
0.11350293542074363
0.11328125
0.11306042884990253
0.11284046692607004
0.1145631067961165
0.11627906976744186
0.11605415860735009
0.11583011583011583
0.11560693641618497
0.11538461538461539
0.11516314779270634
0.11494252873563218
0.1147227533460803
0.11450381679389313
0.11428571428571428
0.11596958174904944
0.1157495256166983
0.11553030303030302
0.11531190926275993
0.11509433962264151
0.11487758945386065
0.11654135338345864
0.11632270168855535
0.11610486891385768
0.11588785046728972
0.11567164179104478
0.1154562383612663
0.11524163568773234
0.1150278293135436
0.11481481481481481
0.11645101663585952
0.11623616236162361
0.11786372007366483
0.11764705882352941
0.11743119266055047
0.11721611721611722
0.1170018281535649
0.11678832116788321
0.11839708561020036
0.11818181818181818
0.11796733212341198
0.11775362318840579
0.11934900542495479
0.11913357400722022
0.11891891891891893
0.11870503597122302
0.118491921005386
0.11827956989247312
0.11806797853309481
0.11785714285714285
0.11764705882352941
0.11743772241992882
0.1172291296625222
0.11702127659574468
0.11858407079646018
0.11837455830388692
0.11816578483245149
0.11795774647887323
0.11775043936731107
0.11754385964912281
0.11733800350262696
0.11713286713286714
0.1169284467713787
0.11672473867595819
0.11652173913043479
0.11805555555555555
0.11785095320623917
0.11764705882352941
0.11744386873920552
0.11724137931034483
0.11703958691910499
0.11855670103092783
0.1183533447684391
0.11815068493150685
0.11794871794871795
0.11774744027303755
0.11754684838160136
0.11734693877551021
0.11714770797962648
0.11694915254237288
0.116751269035533
0.11655405405405406
0.11804384485666104
0.11952861952861953
0.11932773109243698
0.11912751677852348
0.11892797319932999
0.11872909698996656
0.11853088480801335
0.11833333333333333
0.11813643926788686
0.11794019933554817
0.11774461028192372
0.11754966887417219
0.11735537190082644
0.11716171617161716
0.11696869851729819
0.11677631578947369
0.11658456486042693
0.11639344262295082
0.11620294599018004
0.11601307189542484
0.11582381729200653
0.11563517915309446
0.11544715447154472
0.11525974025974026
0.11507293354943274
0.11488673139158576
0.1147011308562197
0.11451612903225807
0.1143317230273752
0.11414790996784566
0.11396468699839486
0.11378205128205128
0.1136
0.11501597444089456
0.11483253588516747
0.11464968152866242
0.11446740858505565
0.11428571428571428
0.11410459587955626
0.11392405063291139
0.11374407582938388
0.11356466876971609
0.11338582677165354
0.11320754716981132
0.11459968602825746
0.11442006269592477
0.11424100156494522
0.1140625
0.11388455538221529
0.11370716510903427
0.11353032659409021
0.11335403726708075
0.11317829457364341
0.1130030959752322
0.11282843894899536
0.11265432098765432
0.11248073959938366
0.1123076923076923
0.11213517665130568
0.11196319018404909
0.11179173047473201
0.11314984709480122
0.11297709923664122
0.11280487804878049
0.1126331811263318
0.11246200607902736
0.11380880121396054
0.11363636363636363
0.11497730711043873
0.1148036253776435
0.11463046757164404
0.1144578313253012
0.11578947368421053
0.11561561561561562
0.11544227886056972
0.11526946107784432
0.11509715994020926
0.11492537313432835
0.11475409836065574
0.11458333333333333
0.11441307578008915
0.11572700296735905
0.11703703703703704
0.11686390532544379
0.11669128508124077
0.11651917404129794
0.11782032400589101
0.11764705882352941
0.11747430249632893
0.11730205278592376
0.1171303074670571
0.11695906432748537
0.11678832116788321
0.11661807580174927
0.11644832605531295
0.11627906976744186
0.11611030478955008
0.11594202898550725
0.11577424023154848
0.11560693641618497
0.11544011544011544
0.11527377521613832
0.11510791366906475
0.11494252873563218
0.11477761836441894
0.11461318051575932
0.11587982832618025
0.11571428571428571
0.11554921540656206
0.11538461538461539
0.1166429587482219
0.11789772727272728
0.11773049645390071
0.11756373937677053
0.1188118811881188
0.11864406779661017
0.11988716502115655
0.11971830985915492
0.11954992967651196
0.11938202247191011
0.11921458625525946
0.12044817927170869
0.12027972027972028
0.12011173184357542
0.1199442119944212
0.11977715877437325
0.11961057023643949
0.11944444444444445
0.11927877947295423
0.11911357340720222
0.11894882434301521
0.12016574585635359
0.12
0.11983471074380166
0.11966987620357634
0.11950549450549451
0.11934156378600823
0.11917808219178082
0.11901504787961696
0.11885245901639344
0.11869031377899045
0.11852861035422343
0.11836734693877551
0.11820652173913043
0.11940298507462686
0.11924119241192412
0.11907983761840325
0.11891891891891893
0.11875843454790823
0.11859838274932614
0.11843876177658143
0.11827956989247312
0.11812080536912752
0.11796246648793565
0.11780455153949129
0.11764705882352941
0.11748998664886515
0.11733333333333333
0.11717709720372836
0.11702127659574468
0.11686586985391766
0.11671087533156499
0.11655629139072848
0.1164021164021164
0.11624834874504623
0.11741424802110818
0.11725955204216074
0.11842105263157894
0.11826544021024968
0.11811023622047244
0.11795543905635648
0.11780104712041885
0.11764705882352941
0.1174934725848564
0.11734028683181226
0.1171875
0.11703511053315994
0.11688311688311688
0.11673151750972763
0.11658031088082901
0.11642949547218628
0.11627906976744186
0.11612903225806452
0.11597938144329897
0.11583011583011583
0.11568123393316196
0.11553273427471117
0.11538461538461539
0.11523687580025609
0.11636828644501279
0.11621966794380588
0.11607142857142858
0.1159235668789809
0.11704834605597965
0.11689961880559085
0.116751269035533
0.11660329531051965
0.11645569620253164
0.11630847029077118
0.11616161616161616
0.11601513240857503
0.11586901763224182
0.11572327044025157
0.11683417085427136
0.11668757841907151
0.11654135338345864
0.11639549436795996
0.11625
0.11610486891385768
0.11596009975062344
0.11581569115815692
0.11567164179104478
0.115527950310559
0.11662531017369727
0.11648079306071871
0.11633663366336634
0.1161928306551298
0.11604938271604938
0.1159062885326757
0.11576354679802955
0.11562115621156212
0.11547911547911548
0.11533742331288344
0.11519607843137254
0.11505507955936352
0.11491442542787286
0.11477411477411477
0.11585365853658537
0.11571254567600488
0.11557177615571776
0.11543134872417983
0.11529126213592233
0.11515151515151516
0.11501210653753027
0.11487303506650544
0.11473429951690821
0.11459589867310012
0.1144578313253012
0.11552346570397112
0.11538461538461539
0.11524609843937575
0.11510791366906475
0.11497005988023952
0.11483253588516747
0.11589008363201912
0.11575178997613365
0.11680572109654351
0.11666666666666667
0.11771700356718193
0.11757719714964371
0.11743772241992882
0.11729857819905214
0.11715976331360947
0.11702127659574468
0.11688311688311688
0.11674528301886793
0.1166077738515901
0.11647058823529412
0.11633372502937721
0.11619718309859155
0.1160609613130129
0.11592505854800937
0.11578947368421053
0.11565420560747663
0.11551925320886815
0.11655011655011654
0.11641443538998836
0.11627906976744186
0.1173054587688734
0.11716937354988399
0.11703360370799537
0.11689814814814815
0.11676300578034682
0.11662817551963048
0.11649365628604383
0.1175115207373272
0.11737629459148446
0.11724137931034483
0.11710677382319173
0.11811926605504587
0.11798396334478808
0.11784897025171624
0.11771428571428572
0.11757990867579908
0.11744583808437856
0.11731207289293849
0.11831626848691695
0.11818181818181818
0.11804767309875142
0.11791383219954649
0.11778029445073612
0.11764705882352941
0.11751412429378531
0.11738148984198646
0.11724915445321307
0.11711711711711711
0.11698537682789652
0.11685393258426967
0.11672278338945005
0.11659192825112108
0.11646136618141098
0.116331096196868
0.11620111731843576
0.11607142857142858
0.11594202898550725
0.11581291759465479
0.11568409343715239
0.11666666666666667
0.11653718091009989
0.1164079822616408
0.11627906976744186
0.1161504424778761
0.11602209944751381
0.11589403973509933
0.11576626240352811
0.11563876651982379
0.11551155115511551
0.11538461538461539
0.11525795828759605
0.11513157894736842
0.11500547645125958
0.11487964989059081
0.11475409836065574
0.1146288209606987
0.11450381679389313
0.11437908496732026
0.11534276387377584
0.11521739130434783
0.11617806731813246
0.11605206073752712
0.11592632719393282
0.11580086580086581
0.11675675675675676
0.11663066954643629
0.11650485436893204
0.11637931034482758
0.116254036598493
0.11612903225806452
0.11600429645542427
0.11587982832618025
0.1157556270096463
0.11563169164882227
0.11550802139037433
0.11538461538461539
0.1152614727854856
0.11513859275053305
0.11501597444089456
0.11595744680851064
0.11583421891604676
0.11571125265392782
0.11558854718981973
0.11546610169491525
0.11534391534391535
0.11522198731501057
0.11615628299894404
0.1160337552742616
0.11591148577449947
0.11578947368421053
0.1156677181913775
0.11554621848739496
0.11542497376705142
0.11635220125786164
0.11727748691099477
0.11715481171548117
0.11703239289446186
0.11691022964509394
0.11678832116788321
0.11666666666666667
0.11654526534859522
0.11642411642411643
0.11630321910695743
0.11618257261410789
0.11606217616580311
0.11594202898550725
0.11582213029989659
0.11570247933884298
0.11558307533539731
0.1154639175257732
0.11534500514933059
0.11522633744855967
0.11510791366906475
0.11498973305954825
0.11487179487179487
0.11475409836065574
0.11566018423746162
0.11554192229038855
0.11542390194075587
0.11530612244897959
0.11518858307849134
0.11507128309572301
0.11495422177009156
0.11483739837398374
0.11472081218274112
0.11460446247464504
0.11448834853090173
0.11437246963562753
0.11425682507583418
0.11414141414141414
0.11402623612512613
0.11391129032258064
0.11379657603222558
0.11368209255533199
0.11457286432160804
0.11546184738955824
0.11534603811434303
0.11523046092184369
0.11511511511511512
0.115
0.11488511488511488
