0.5
0.6666666666666666
0.5
0.4
0.3333333333333333
0.42857142857142855
0.375
0.3333333333333333
0.3
0.2727272727272727
0.25
0.23076923076923078
0.21428571428571427
0.26666666666666666
0.25
0.23529411764705882
0.2222222222222222
0.21052631578947367
0.2
0.19047619047619047
0.18181818181818182
0.21739130434782608
0.20833333333333334
0.24
0.23076923076923078
0.2222222222222222
0.21428571428571427
0.20689655172413793
0.2
0.1935483870967742
0.1875
0.18181818181818182
0.17647058823529413
0.17142857142857143
0.16666666666666666
0.16216216216216217
0.18421052631578946
0.1794871794871795
0.2
0.1951219512195122
0.19047619047619047
0.18604651162790697
0.18181818181818182
0.17777777777777778
0.1956521739130435
0.19148936170212766
0.20833333333333334
0.20408163265306123
0.2
0.19607843137254902
0.21153846153846154
0.20754716981132076
0.2222222222222222
0.21818181818181817
0.21428571428571427
0.21052631578947367
0.20689655172413793
0.2033898305084746
0.2
0.21311475409836064
0.22580645161290322
0.2222222222222222
0.21875
0.2153846153846154
0.21212121212121213
0.208955223880597
0.20588235294117646
0.2028985507246377
0.2
0.19718309859154928
0.19444444444444445
0.2054794520547945
0.21621621621621623
0.21333333333333335
0.21052631578947367
0.22077922077922077
0.21794871794871795
0.21518987341772153
0.2125
0.2222222222222222
0.21951219512195122
0.21686746987951808
0.21428571428571427
0.21176470588235294
0.20930232558139536
0.20689655172413793
0.20454545454545456
0.20224719101123595
0.2111111111111111
0.2087912087912088
0.20652173913043478
0.21505376344086022
0.2127659574468085
0.21052631578947367
0.20833333333333334
0.20618556701030927
0.20408163265306123
0.20202020202020202
0.2
0.19801980198019803
0.20588235294117646
0.20388349514563106
0.20192307692307693
0.20952380952380953
0.20754716981132076
0.205607476635514
0.2037037037037037
0.2018348623853211
0.2
0.1981981981981982
0.19642857142857142
0.20353982300884957
0.20175438596491227
0.2
0.20689655172413793
0.20512820512820512
0.2033898305084746
0.20168067226890757
0.20833333333333334
0.2066115702479339
0.20491803278688525
0.2032520325203252
0.20967741935483872
0.216
0.2222222222222222
0.2204724409448819
0.21875
0.21705426356589147
0.2153846153846154
0.21374045801526717
0.21212121212121213
0.21052631578947367
0.208955223880597
0.2074074074074074
0.20588235294117646
0.20437956204379562
0.2028985507246377
0.2014388489208633
0.20714285714285716
0.2127659574468085
0.2112676056338028
0.2097902097902098
0.20833333333333334
0.20689655172413793
0.2054794520547945
0.20408163265306123
0.20270270270270271
0.20134228187919462
0.20666666666666667
0.2052980132450331
0.20394736842105263
0.20261437908496732
0.2012987012987013
0.2
0.1987179487179487
0.19745222929936307
0.1962025316455696
0.1949685534591195
0.19375
0.19254658385093168
0.19135802469135801
0.1901840490797546
0.18902439024390244
0.18787878787878787
0.1927710843373494
0.19161676646706588
0.19047619047619047
0.1952662721893491
0.19411764705882353
0.19298245614035087
0.19186046511627908
0.1907514450867052
0.1896551724137931
0.18857142857142858
0.1875
0.1864406779661017
0.1853932584269663
0.18435754189944134
0.18333333333333332
0.18232044198895028
0.1813186813186813
0.18032786885245902
0.1793478260869565
0.1783783783783784
0.1827956989247312
0.18181818181818182
0.18085106382978725
0.17989417989417988
0.17894736842105263
0.17801047120418848
0.17708333333333334
0.18134715025906736
0.18041237113402062
0.1794871794871795
0.17857142857142858
0.17766497461928935
0.17676767676767677
0.17587939698492464
0.175
0.17412935323383086
0.17326732673267325
0.1724137931034483
0.1715686274509804
0.17073170731707318
0.16990291262135923
0.16908212560386474
0.16826923076923078
0.1674641148325359
0.16666666666666666
0.16587677725118483
0.16981132075471697
0.16901408450704225
0.16822429906542055
0.16744186046511628
0.16666666666666666
0.16589861751152074
0.16972477064220184
0.1689497716894977
0.16818181818181818
0.167420814479638
0.16666666666666666
0.16591928251121077
0.16517857142857142
0.16444444444444445
0.16371681415929204
0.16299559471365638
0.16228070175438597
0.16593886462882096
0.16956521739130434
0.16883116883116883
0.16810344827586207
0.16738197424892703
0.17094017094017094
0.1702127659574468
0.1694915254237288
0.1729957805907173
0.1722689075630252
0.17154811715481172
0.17083333333333334
0.17012448132780084
0.16942148760330578
0.16872427983539096
0.1680327868852459
0.1673469387755102
0.16666666666666666
0.1659919028340081
0.16532258064516128
0.1646586345381526
0.164
0.16733067729083664
0.16666666666666666
0.16600790513833993
0.16535433070866143
0.16470588235294117
0.1640625
0.16342412451361868
0.16279069767441862
0.16216216216216217
0.16153846153846155
0.16091954022988506
0.16030534351145037
0.1634980988593156
0.16287878787878787
0.16226415094339622
0.16165413533834586
0.16104868913857678
0.16044776119402984
0.15985130111524162
0.16296296296296298
0.16236162361623616
0.16544117647058823
0.16483516483516483
0.1678832116788321
0.16727272727272727
0.16666666666666666
0.16606498194945848
0.16546762589928057
0.16487455197132617
0.16428571428571428
0.16370106761565836
0.16666666666666666
0.16607773851590105
0.16549295774647887
0.1649122807017544
0.16433566433566432
0.16376306620209058
0.16319444444444445
0.16262975778546712
0.16206896551724137
0.16151202749140894
0.16095890410958905
0.16040955631399317
0.1598639455782313
0.15932203389830507
0.15878378378378377
0.15824915824915825
0.15771812080536912
0.15719063545150502
0.15666666666666668
0.15614617940199335
0.15562913907284767
0.1551155115511551
0.15460526315789475
0.1540983606557377
0.15359477124183007
0.15309446254071662
0.1525974025974026
0.15210355987055016
0.15161290322580645
0.15112540192926044
0.15064102564102563
0.1501597444089457
0.14968152866242038
0.1523809523809524
0.1550632911392405
0.15457413249211358
0.1540880503144654
0.1536050156739812
0.15625
0.1557632398753894
0.15527950310559005
0.15479876160990713
0.15432098765432098
0.15692307692307692
0.15644171779141106
0.1559633027522936
0.15853658536585366
0.1580547112462006
0.15757575757575756
0.15709969788519637
0.1566265060240964
0.15615615615615616
0.15568862275449102
0.1582089552238806
0.15773809523809523
0.1572700296735905
0.15680473372781065
0.15634218289085547
0.1588235294117647
0.16129032258064516
0.1608187134502924
0.16034985422740525
0.15988372093023256
0.15942028985507245
0.15895953757225434
0.16138328530259366
0.16091954022988506
0.16045845272206305
0.16
0.15954415954415954
0.1590909090909091
0.15864022662889518
0.15819209039548024
0.15774647887323945
0.1601123595505618
0.16246498599439776
0.16201117318435754
0.1615598885793872
0.16111111111111112
0.16066481994459833
0.16022099447513813
0.15977961432506887
0.15934065934065933
0.1589041095890411
0.15846994535519127
0.15803814713896458
0.16032608695652173
0.15989159891598917
0.15945945945945947
0.15902964959568733
0.1586021505376344
0.1581769436997319
0.15775401069518716
0.15733333333333333
0.15691489361702127
0.15649867374005305
0.15608465608465608
0.15567282321899736
0.15526315789473685
0.15485564304461943
0.1544502617801047
0.15404699738903394
0.15364583333333334
0.15584415584415584
0.15544041450777202
0.15503875968992248
0.15463917525773196
0.15424164524421594
0.15384615384615385
0.15601023017902813
0.1556122448979592
0.15521628498727735
0.1548223350253807
0.15443037974683543
0.15404040404040403
0.15365239294710328
0.15326633165829145
0.15538847117794485
0.1575
0.1571072319201995
0.15671641791044777
0.15632754342431762
0.15594059405940594
0.15555555555555556
0.15517241379310345
0.1547911547911548
0.15441176470588236
0.15403422982885084
0.15365853658536585
0.15328467153284672
0.1529126213592233
0.15254237288135594
0.15217391304347827
0.15180722891566265
0.15144230769230768
0.15347721822541965
0.15550239234449761
0.15513126491646778
0.15476190476190477
0.1543942992874109
0.15402843601895735
0.1536643026004728
0.15330188679245282
0.15294117647058825
0.15258215962441316
0.1522248243559719
0.15186915887850466
0.15384615384615385
0.15348837209302327
0.1531322505800464
0.1527777777777778
0.15242494226327943
0.15207373271889402
0.15172413793103448
0.15137614678899083
0.15102974828375287
0.15296803652968036
0.15261958997722094
0.15227272727272728
0.15192743764172337
0.1515837104072398
0.15124153498871332
0.15090090090090091
0.15056179775280898
0.15022421524663676
0.14988814317673377
0.14955357142857142
0.1492204899777283
0.14888888888888888
0.14855875831485588
0.14823008849557523
0.15011037527593818
0.14977973568281938
0.14945054945054945
0.14912280701754385
0.1487964989059081
0.14847161572052403
0.14814814814814814
0.14782608695652175
0.1475054229934924
0.1471861471861472
0.1468682505399568
0.14655172413793102
0.14838709677419354
0.148068669527897
0.14989293361884368
0.14957264957264957
0.14925373134328357
0.14893617021276595
0.14861995753715498
0.1504237288135593
0.15010570824524314
0.14978902953586498
0.14947368421052631
0.14915966386554622
0.1488469601677149
0.1506276150627615
0.15031315240083507
0.15
0.1496881496881497
0.14937759336099585
0.14906832298136646
0.1487603305785124
0.14845360824742268
0.14814814814814814
0.14784394250513347
0.14754098360655737
0.147239263803681
0.1469387755102041
0.14663951120162932
0.1483739837398374
0.14807302231237324
0.14777327935222673
0.14747474747474748
0.14717741935483872
0.14688128772635814
0.1465863453815261
0.1462925851703407
0.148
0.14770459081836326
0.14741035856573706
0.147117296222664
0.1488095238095238
0.1485148514851485
0.1482213438735178
0.14792899408284024
0.14763779527559054
0.14931237721021612
0.14901960784313725
0.1487279843444227
0.1484375
0.14814814814814814
0.14785992217898833
0.14757281553398058
0.14728682170542637
0.1470019342359768
0.14671814671814673
0.1464354527938343
0.14615384615384616
0.14587332053742802
0.14559386973180077
0.14531548757170173
0.1450381679389313
0.14666666666666667
0.14638783269961977
0.1461100569259962
0.14772727272727273
0.14744801512287334
0.1471698113207547
0.14689265536723164
0.14849624060150377
0.14821763602251406
0.14794007490636704
0.14766355140186915
0.14738805970149255
0.14711359404096835
0.14684014869888476
0.14656771799628943
0.14629629629629629
0.14602587800369685
0.14575645756457564
0.14548802946593
0.14522058823529413
0.14495412844036698
0.1446886446886447
0.14442413162705667
0.14416058394160583
0.14389799635701275
0.14363636363636365
0.14337568058076225
0.1431159420289855
0.14285714285714285
0.1444043321299639
0.14414414414414414
0.14388489208633093
0.1436265709156194
0.14336917562724014
0.14311270125223613
0.14285714285714285
0.14260249554367202
0.14412811387900357
0.14564831261101244
0.1453900709219858
0.14513274336283186
0.14487632508833923
0.14638447971781304
0.14788732394366197
0.14762741652021089
0.14736842105263157
0.14711033274956217
0.1486013986013986
0.14834205933682373
0.1480836236933798
0.14782608695652175
0.14756944444444445
0.14731369150779897
0.14705882352941177
0.14680483592400692
0.14655172413793102
0.14629948364888123
0.14604810996563575
0.1457975986277873
0.14554794520547945
0.1452991452991453
0.14505119453924914
0.14480408858603067
0.1445578231292517
0.14431239388794567
0.1440677966101695
0.14382402707275804
0.14358108108108109
0.1433389544688027
0.14309764309764308
0.14285714285714285
0.14429530201342283
0.1440536013400335
0.14381270903010032
0.14357262103505844
0.14333333333333334
0.14309484193011648
0.14285714285714285
0.14262023217247097
0.1423841059602649
0.14214876033057852
0.1419141914191419
0.1416803953871499
0.14144736842105263
0.1412151067323481
0.14098360655737704
0.1407528641571195
0.14052287581699346
0.1402936378466558
0.14006514657980457
0.13983739837398373
0.1396103896103896
0.1393841166936791
0.13915857605177995
0.13893376413570274
0.13870967741935483
0.13848631239935588
0.1382636655948553
0.13804173354735153
0.13782051282051283
0.1376
0.13738019169329074
0.1371610845295056
0.13694267515923567
0.13672496025437203
0.1380952380952381
0.13787638668779714
0.13765822784810128
0.13744075829383887
0.13722397476340695
0.13700787401574804
0.13679245283018868
0.13657770800627944
0.13793103448275862
0.13771517996870108
0.1375
0.13884555382215288
0.13862928348909656
0.13841368584758942
0.13819875776397517
0.13798449612403102
0.13777089783281735
0.1375579598145286
0.13734567901234568
0.13713405238828968
0.13692307692307693
0.13671274961597543
0.13650306748466257
0.1362940275650842
0.13608562691131498
0.13587786259541984
0.13567073170731708
0.1354642313546423
0.135258358662614
0.13505311077389984
0.13484848484848486
0.1346444780635401
0.13444108761329304
0.13423831070889894
0.13403614457831325
0.13383458646616542
0.13363363363363365
0.13343328335832083
0.13323353293413173
0.13303437967115098
0.1328358208955224
0.13263785394932937
0.1324404761904762
0.13224368499257058
0.13353115727002968
0.1348148148148148
0.1346153846153846
0.1358936484490399
0.13569321533923304
0.13549337260677466
0.13529411764705881
0.13509544787077826
0.13636363636363635
0.1376281112737921
0.13742690058479531
0.13722627737226278
0.13848396501457727
0.13828238719068414
0.1380813953488372
0.1378809869375907
0.1391304347826087
0.14037626628075253
0.14017341040462428
0.13997113997113997
0.13976945244956773
0.13956834532374102
0.13936781609195403
0.13916786226685796
0.13896848137535817
0.13876967095851217
0.13857142857142857
0.1383737517831669
0.13817663817663817
0.1379800853485064
0.1377840909090909
0.13900709219858157
0.1388101983002833
0.13861386138613863
0.1384180790960452
0.1382228490832158
0.13802816901408452
0.13783403656821377
0.13764044943820225
0.13744740532959326
0.13725490196078433
0.13706293706293707
0.13687150837988826
0.13668061366806136
0.13649025069637882
0.13630041724617525
0.1361111111111111
0.13592233009708737
0.13573407202216067
0.1355463347164592
0.13674033149171272
0.13655172413793104
0.13636363636363635
0.1361760660247593
0.13598901098901098
0.13580246913580246
0.13561643835616438
0.1354309165526676
0.13524590163934427
0.13506139154160982
0.13487738419618528
0.1346938775510204
0.1358695652173913
0.13568521031207598
0.13685636856368563
0.13667117726657646
0.13648648648648648
0.13630229419703105
0.13746630727762804
0.1386271870794078
0.13844086021505375
0.138255033557047
0.1380697050938338
0.13788487282463185
0.13770053475935828
0.1375166889185581
0.13733333333333334
0.13715046604527298
0.13696808510638298
0.13678618857901725
0.13660477453580902
0.13642384105960265
0.13624338624338625
0.13606340819022458
0.1358839050131926
0.13570487483530963
0.1355263157894737
0.13534822601839686
0.13517060367454067
0.1349934469200524
0.13481675392670156
0.134640522875817
0.13446475195822455
0.13428943937418514
0.13411458333333334
0.13394018205461639
0.13376623376623376
0.13359273670557717
0.133419689119171
0.1332470892626132
0.1330749354005168
0.1329032258064516
0.1327319587628866
0.13384813384813385
0.13496143958868895
0.13478818998716302
0.1346153846153846
0.13444302176696543
0.13427109974424553
0.13409961685823754
0.13392857142857142
0.1337579617834395
0.13358778625954199
0.13341804320203304
0.13324873096446702
0.13307984790874525
0.13291139240506328
0.13400758533501897
0.13383838383838384
0.13366960907944514
0.13350125944584382
0.13333333333333333
0.13316582914572864
0.1329987452948557
0.13283208020050125
0.13266583229036297
0.1325
0.132334581772784
0.13216957605985039
0.1320049813200498
0.13308457711442787
0.13291925465838508
0.1327543424317618
0.1325898389095415
0.13242574257425743
0.13226205191594562
0.13209876543209875
0.1319358816276202
0.13177339901477833
0.13161131611316113
0.13267813267813267
0.1325153374233129
0.1323529411764706
0.13219094247246022
0.13202933985330073
0.13186813186813187
0.1329268292682927
0.13276492082825822
0.13381995133819952
0.13487241798298907
0.13470873786407767
0.13454545454545455
0.1343825665859564
0.1354292623941959
0.13526570048309178
0.13510253317249699
0.13493975903614458
0.13477737665463296
0.1346153846153846
0.13445378151260504
0.1354916067146283
0.13532934131736526
0.13516746411483255
0.13500597371565112
0.13484486873508353
0.13468414779499405
0.13452380952380952
0.13436385255648037
0.1342042755344418
0.13404507710557534
0.1338862559241706
0.1349112426035503
0.1347517730496454
0.1345926800472255
0.13561320754716982
0.1354534746760895
0.13529411764705881
0.13513513513513514
0.13497652582159625
0.13481828839390386
0.13466042154566746
0.13450292397660818
0.13434579439252337
0.13418903150525088
0.13403263403263405
0.13387660069848661
0.13372093023255813
0.13472706155632985
0.1345707656612529
0.13441483198146004
0.13425925925925927
0.13410404624277455
0.13394919168591224
0.13379469434832755
0.1336405529953917
0.1334867663981588
0.13333333333333333
0.13432835820895522
0.1341743119266055
0.13402061855670103
0.13386727688787187
0.13485714285714287
0.13470319634703196
0.1345496009122007
0.13439635535307518
0.1353811149032992
0.13522727272727272
0.13507377979568672
0.1349206349206349
0.1347678369195923
0.1346153846153846
0.13559322033898305
0.13544018058690746
0.13641488162344984
0.1373873873873874
0.1372328458942632
0.13707865168539327
0.13692480359147025
0.1367713004484305
0.1366181410974244
0.13646532438478748
0.13631284916201117
0.13616071428571427
0.13712374581939799
0.13808463251670378
0.13793103448275862
0.13777777777777778
0.13762486126526083
0.13747228381374724
0.13732004429678848
0.13716814159292035
0.13701657458563535
0.1368653421633554
0.13671444321940462
0.13656387665198239
0.13751375137513752
0.13736263736263737
0.13721185510428102
0.13706140350877194
0.13691128148959475
0.13676148796498905
0.1366120218579235
0.13755458515283842
0.13740458015267176
0.13725490196078433
0.13710554951033732
0.13695652173913042
0.13680781758957655
0.13665943600867678
0.13651137594799567
0.13636363636363635
0.1362162162162162
0.13606911447084233
0.13592233009708737
0.13577586206896552
0.1356297093649085
0.13655913978494624
0.1364124597207304
0.13626609442060086
0.13719185423365488
0.13704496788008566
0.13689839572192514
0.13675213675213677
0.13660618996798293
0.13646055437100213
0.13631522896698617
0.13617021276595745
0.13602550478214664
0.13588110403397027
0.1357370095440085
0.13559322033898305
0.13544973544973546
0.13636363636363635
0.13621964097148892
0.1360759493670886
0.13593256059009484
0.13578947368421052
0.13564668769716087
0.13550420168067226
0.1353620146904512
0.13626834381551362
0.13612565445026178
0.13598326359832635
0.13584117032392895
0.13569937369519833
0.13555787278415016
0.13541666666666666
0.13527575442247658
0.13513513513513514
0.13499480789200416
0.1358921161825726
0.13575129533678756
0.13561076604554864
0.13547052740434332
0.1353305785123967
0.13519091847265222
0.13505154639175257
0.1349124613800206
0.13477366255144033
0.13463514902363824
0.13449691991786447
0.13435897435897437
0.13422131147540983
0.13408393039918118
0.13394683026584867
0.1338100102145046
0.1336734693877551
0.13353720693170235
0.1334012219959267
0.13326551373346898
0.133130081300813
0.132994923857868
0.1328600405679513
0.13272543059777103
0.1325910931174089
0.13245702730030334
0.13232323232323231
0.13218970736629668
0.13205645161290322
0.13192346424974824
0.1317907444668008
0.13165829145728644
0.13152610441767068
0.13139418254764293
0.1312625250501002
0.13113113113113112
0.131
0.13186813186813187
