0.5
0.3333333333333333
0.25
0.2
0.3333333333333333
0.2857142857142857
0.25
0.2222222222222222
0.2
0.2727272727272727
0.3333333333333333
0.3076923076923077
0.35714285714285715
0.4
0.375
0.4117647058823529
0.3888888888888889
0.3684210526315789
0.35
0.3333333333333333
0.36363636363636365
0.34782608695652173
0.3333333333333333
0.36
0.38461538461538464
0.4074074074074074
0.39285714285714285
0.3793103448275862
0.36666666666666664
0.3548387096774194
0.375
0.3939393939393939
0.38235294117647056
0.37142857142857144
0.3611111111111111
0.35135135135135137
0.34210526315789475
0.358974358974359
0.35
0.34146341463414637
0.35714285714285715
0.3488372093023256
0.3409090909090909
0.3333333333333333
0.32608695652173914
0.3191489361702128
0.3125
0.30612244897959184
0.3
0.29411764705882354
0.28846153846153844
0.2830188679245283
0.2962962962962963
0.2909090909090909
0.2857142857142857
0.2807017543859649
0.27586206896551724
0.2711864406779661
0.26666666666666666
0.26229508196721313
0.25806451612903225
0.25396825396825395
0.265625
0.26153846153846155
0.25757575757575757
0.2537313432835821
0.25
0.2463768115942029
0.24285714285714285
0.23943661971830985
0.2361111111111111
0.2465753424657534
0.24324324324324326
0.24
0.23684210526315788
0.24675324675324675
0.24358974358974358
0.24050632911392406
0.2375
0.24691358024691357
0.25609756097560976
0.25301204819277107
0.25
0.24705882352941178
0.2441860465116279
0.2413793103448276
0.23863636363636365
0.23595505617977527
0.23333333333333334
0.23076923076923078
0.22826086956521738
0.23655913978494625
0.23404255319148937
0.23157894736842105
0.23958333333333334
0.23711340206185566
0.23469387755102042
0.24242424242424243
0.24
0.2376237623762376
0.24509803921568626
0.24271844660194175
0.2403846153846154
0.23809523809523808
0.2358490566037736
0.24299065420560748
0.24074074074074073
0.23853211009174313
0.23636363636363636
0.23423423423423423
0.23214285714285715
0.23008849557522124
0.22807017543859648
0.22608695652173913
0.22413793103448276
0.2222222222222222
0.22033898305084745
0.226890756302521
0.23333333333333334
0.23140495867768596
0.22950819672131148
0.22764227642276422
0.22580645161290322
0.224
0.2222222222222222
0.2204724409448819
0.21875
0.2248062015503876
0.2230769230769231
0.22137404580152673
0.2196969696969697
0.21804511278195488
0.21641791044776118
0.21481481481481482
0.22058823529411764
0.22627737226277372
0.2246376811594203
0.22302158273381295
0.22142857142857142
0.2198581560283688
0.21830985915492956
0.22377622377622378
0.2222222222222222
0.22758620689655173
0.22602739726027396
0.22448979591836735
0.22297297297297297
0.2214765100671141
0.22
0.2251655629139073
0.23026315789473684
0.22875816993464052
0.22727272727272727
0.22580645161290322
0.22435897435897437
0.2229299363057325
0.22151898734177214
0.22012578616352202
0.21875
0.21739130434782608
0.2222222222222222
0.22085889570552147
0.21951219512195122
0.21818181818181817
0.21686746987951808
0.2155688622754491
0.21428571428571427
0.21301775147928995
0.21176470588235294
0.21052631578947367
0.20930232558139536
0.2138728323699422
0.21264367816091953
0.21142857142857144
0.21022727272727273
0.20903954802259886
0.20786516853932585
0.20670391061452514
0.20555555555555555
0.20441988950276244
0.2032967032967033
0.20218579234972678
0.20108695652173914
0.2
0.1989247311827957
0.19786096256684493
0.19680851063829788
0.19576719576719576
0.19473684210526315
0.193717277486911
0.19270833333333334
0.19170984455958548
0.19072164948453607
0.18974358974358974
0.18877551020408162
0.18781725888324874
0.18686868686868688
0.18592964824120603
0.185
0.18407960199004975
0.18316831683168316
0.18719211822660098
0.18627450980392157
0.18536585365853658
0.18446601941747573
0.18357487922705315
0.18269230769230768
0.18181818181818182
0.18095238095238095
0.18009478672985782
0.1792452830188679
0.1784037558685446
0.1822429906542056
0.1813953488372093
0.18055555555555555
0.17972350230414746
0.1834862385321101
0.182648401826484
0.18181818181818182
0.18099547511312217
0.18018018018018017
0.17937219730941703
0.17857142857142858
0.18222222222222223
0.18141592920353983
0.18061674008810572
0.17982456140350878
0.17903930131004367
0.1782608695652174
0.1774891774891775
0.17672413793103448
0.1759656652360515
0.1752136752136752
0.17446808510638298
0.17796610169491525
0.17721518987341772
0.17647058823529413
0.17573221757322174
0.175
0.17842323651452283
0.18181818181818182
0.18106995884773663
0.18032786885245902
0.17959183673469387
0.17886178861788618
0.17813765182186234
0.1774193548387097
0.17670682730923695
0.176
0.17928286852589642
0.17857142857142858
0.17786561264822134
0.17716535433070865
0.17647058823529413
0.17578125
0.17509727626459143
0.17829457364341086
0.1776061776061776
0.17692307692307693
0.17624521072796934
0.17557251908396945
0.17870722433460076
0.17803030303030304
0.17735849056603772
0.17669172932330826
0.1797752808988764
0.1791044776119403
0.17843866171003717
0.17777777777777778
0.17712177121771217
0.1801470588235294
0.1794871794871795
0.17883211678832117
0.1781818181818182
0.18115942028985507
0.18050541516245489
0.17985611510791366
0.17921146953405018
0.17857142857142858
0.17793594306049823
0.1773049645390071
0.17667844522968199
0.176056338028169
0.17543859649122806
0.17482517482517482
0.17421602787456447
0.1736111111111111
0.17301038062283736
0.1724137931034483
0.1718213058419244
0.17123287671232876
0.17406143344709898
0.17346938775510204
0.17288135593220338
0.17229729729729729
0.1717171717171717
0.17114093959731544
0.1705685618729097
0.17
0.16943521594684385
0.16887417218543047
0.16831683168316833
0.16776315789473684
0.17049180327868851
0.16993464052287582
0.16938110749185667
0.16883116883116883
0.16828478964401294
0.16774193548387098
0.16720257234726688
0.16666666666666666
0.16613418530351437
0.16560509554140126
0.16507936507936508
0.16455696202531644
0.1640378548895899
0.16352201257861634
0.16300940438871472
0.1625
0.16199376947040497
0.16149068322981366
0.1609907120743034
0.16358024691358025
0.16307692307692306
0.16257668711656442
0.1620795107033639
0.16158536585365854
0.16109422492401215
0.1606060606060606
0.16012084592145015
0.15963855421686746
0.15915915915915915
0.15868263473053892
0.1582089552238806
0.15773809523809523
0.16023738872403562
0.15976331360946747
0.1592920353982301
0.1588235294117647
0.15835777126099707
0.15789473684210525
0.15743440233236153
0.1569767441860465
0.1565217391304348
0.15606936416184972
0.15561959654178675
0.15517241379310345
0.15472779369627507
0.15428571428571428
0.15669515669515668
0.15625
0.1558073654390935
0.15819209039548024
0.16056338028169015
0.1601123595505618
0.15966386554621848
0.16201117318435754
0.1615598885793872
0.1638888888888889
0.16620498614958448
0.16574585635359115
0.1652892561983471
0.16758241758241757
0.16712328767123288
0.16666666666666666
0.16621253405994552
0.16847826086956522
0.16802168021680217
0.16756756756756758
0.16711590296495957
0.16666666666666666
0.16621983914209115
0.16844919786096257
0.168
0.1675531914893617
0.16710875331564987
0.16666666666666666
0.1662269129287599
0.16842105263157894
0.1679790026246719
0.16753926701570682
0.1671018276762402
0.16666666666666666
0.16623376623376623
0.16580310880829016
0.165374677002584
0.16494845360824742
0.16452442159383032
0.1641025641025641
0.1636828644501279
0.16326530612244897
0.1628498727735369
0.16243654822335024
0.1620253164556962
0.16161616161616163
0.16120906801007556
0.16080402010050251
0.16040100250626566
0.1625
0.16209476309226933
0.16417910447761194
0.16377171215880892
0.16584158415841585
0.1654320987654321
0.16502463054187191
0.16461916461916462
0.16666666666666666
0.16625916870415647
0.16585365853658537
0.1654501216545012
0.1650485436893204
0.16464891041162227
0.1642512077294686
0.163855421686747
0.16346153846153846
0.1630695443645084
0.16267942583732056
0.162291169451074
0.1619047619047619
0.16152019002375298
0.16113744075829384
0.1607565011820331
0.16037735849056603
0.1623529411764706
0.1619718309859155
0.16159250585480095
0.16121495327102803
0.16083916083916083
0.16046511627906976
0.16009280742459397
0.1597222222222222
0.15935334872979215
0.15898617511520738
0.15862068965517243
0.15825688073394495
0.15789473684210525
0.15753424657534246
0.1571753986332574
0.15681818181818183
0.1564625850340136
0.15610859728506787
0.15575620767494355
0.1554054054054054
0.15730337078651685
0.15695067264573992
0.15659955257270694
0.15625
0.155902004454343
0.15555555555555556
0.1574279379157428
0.1570796460176991
0.15673289183222958
0.15859030837004406
0.16043956043956045
0.1600877192982456
0.15973741794310722
0.15938864628820962
0.15904139433551198
0.15869565217391304
0.16052060737527116
0.16233766233766234
0.16198704103671707
0.16163793103448276
0.16129032258064516
0.1609442060085837
0.16059957173447537
0.16025641025641027
0.15991471215351813
0.1595744680851064
0.1592356687898089
0.15889830508474576
0.15856236786469344
0.15822784810126583
0.16
0.15966386554621848
0.15932914046121593
0.1589958158995816
0.15866388308977036
0.16041666666666668
0.1600831600831601
0.15975103734439833
0.15942028985507245
0.1590909090909091
0.15876288659793814
0.15843621399176955
0.15811088295687886
0.15778688524590165
0.1574642126789366
0.15714285714285714
0.15682281059063136
0.1565040650406504
0.15618661257606492
0.15587044534412955
0.15555555555555556
0.15524193548387097
0.15694164989939638
0.1566265060240964
0.156312625250501
0.156
0.15768463073852296
0.15737051792828685
0.15705765407554673
0.15674603174603174
0.15841584158415842
0.15810276679841898
0.15779092702169625
0.15748031496062992
0.15717092337917485
0.1568627450980392
0.15655577299412915
0.15625
0.15594541910331383
0.1556420233463035
0.1553398058252427
0.15503875968992248
0.15473887814313347
0.15444015444015444
0.15414258188824662
0.15384615384615385
0.15355086372360843
0.1532567049808429
0.15296367112810708
0.15267175572519084
0.1523809523809524
0.1520912547528517
0.15180265654648956
0.15151515151515152
0.15122873345935728
0.15283018867924528
0.15254237288135594
0.15225563909774437
0.15196998123827393
0.15168539325842698
0.15140186915887852
0.15111940298507462
0.15083798882681565
0.15055762081784388
0.150278293135436
0.15
0.15157116451016636
0.15129151291512916
0.15101289134438306
0.15073529411764705
0.15045871559633028
0.15018315018315018
0.14990859232175502
0.14963503649635038
0.1493624772313297
0.14909090909090908
0.14882032667876588
0.14855072463768115
0.14828209764918626
0.148014440433213
0.14774774774774774
0.1474820143884892
0.14721723518850988
0.14695340501792115
0.14669051878354203
0.14642857142857144
0.14795008912655971
0.14768683274021352
0.14742451154529307
0.14716312056737588
0.14690265486725665
0.14664310954063603
0.14814814814814814
0.14788732394366197
0.14762741652021089
0.14736842105263157
0.14711033274956217
0.14685314685314685
0.14659685863874344
0.1480836236933798
0.14782608695652175
0.14756944444444445
0.14731369150779897
0.14705882352941177
0.14680483592400692
0.14655172413793102
0.14629948364888123
0.14604810996563575
0.14751286449399656
0.14726027397260275
0.147008547008547
0.14846416382252559
0.14821124361158433
0.14795918367346939
0.14770797962648557
0.14745762711864407
0.14720812182741116
0.14695945945945946
0.1467116357504216
0.14646464646464646
0.146218487394958
0.14597315436241612
0.1457286432160804
0.1454849498327759
0.14524207011686144
0.145
0.1447587354409318
0.14451827242524917
0.14593698175787728
0.1456953642384106
0.14545454545454545
0.14521452145214522
0.14497528830313014
0.14473684210526316
0.1444991789819376
0.14426229508196722
0.14402618657937807
0.1437908496732026
0.14355628058727568
0.14332247557003258
0.14308943089430895
0.14285714285714285
0.1426256077795786
0.1423948220064725
0.1421647819063005
0.14193548387096774
0.14170692431561996
0.14308681672025725
0.14446227929373998
0.14423076923076922
0.144
0.14376996805111822
0.14354066985645933
0.14331210191082802
0.14308426073131955
0.14285714285714285
0.14263074484944532
0.14240506329113925
0.14218009478672985
0.14195583596214512
0.14173228346456693
0.14150943396226415
0.141287284144427
0.14106583072100312
0.14084507042253522
0.140625
0.14040561622464898
0.14018691588785046
0.13996889580093314
0.13975155279503104
0.13953488372093023
0.1393188854489164
0.1391035548686244
0.1388888888888889
0.1386748844375963
0.13846153846153847
0.1382488479262673
0.13803680981595093
0.13782542113323124
0.13761467889908258
0.13740458015267176
0.13719512195121952
0.136986301369863
0.13677811550151975
0.13657056145675264
0.13787878787878788
0.13918305597579425
0.13897280966767372
0.138763197586727
0.13855421686746988
0.13834586466165413
0.13813813813813813
0.13793103448275862
0.1377245508982036
0.1375186846038864
0.1373134328358209
0.13710879284649777
0.13690476190476192
0.13670133729569092
0.13798219584569732
0.13777777777777778
0.13757396449704143
0.13737075332348597
0.13716814159292035
0.13696612665684832
0.13823529411764707
0.13803230543318648
0.1378299120234604
0.1376281112737921
0.1388888888888889
0.1386861313868613
0.13848396501457727
0.13828238719068414
0.1380813953488372
0.1378809869375907
0.1391304347826087
0.1389290882778582
0.13872832369942195
0.13852813852813853
0.138328530259366
0.1381294964028777
0.13793103448275862
0.13773314203730272
0.13753581661891118
0.13876967095851217
0.13857142857142857
0.1398002853067047
0.1396011396011396
0.13940256045519203
0.13920454545454544
0.14042553191489363
0.141643059490085
0.14144271570014144
0.14124293785310735
0.14104372355430184
0.14084507042253522
0.14064697609001406
0.1404494382022472
0.1402524544179523
0.1400560224089636
0.13986013986013987
0.13966480446927373
0.1394700139470014
0.1392757660167131
0.13908205841446453
0.1388888888888889
0.13869625520110956
0.13850415512465375
0.13831258644536654
0.13812154696132597
0.13793103448275862
0.13774104683195593
0.13892709766162312
0.13873626373626374
0.13854595336076816
0.13835616438356163
0.1381668946648427
0.13797814207650272
0.1377899045020464
0.13760217983651227
0.13741496598639455
0.13722826086956522
0.1383989145183175
0.13821138211382114
0.13802435723951287
0.13783783783783785
0.13765182186234817
0.13746630727762804
0.13728129205921938
0.13844086021505375
0.138255033557047
0.1380697050938338
0.13788487282463185
0.13770053475935828
0.1375166889185581
0.13733333333333334
0.13715046604527298
0.13696808510638298
0.13678618857901725
0.13660477453580902
0.13642384105960265
0.13624338624338625
0.13606340819022458
0.1358839050131926
0.13570487483530963
0.1355263157894737
0.13534822601839686
0.13517060367454067
0.1349934469200524
0.13481675392670156
0.134640522875817
0.13446475195822455
0.13559322033898305
0.13541666666666666
0.1352405721716515
0.13506493506493505
0.13488975356679636
0.13471502590673576
0.13454075032341525
0.1343669250645995
0.13419354838709677
0.13402061855670103
0.13384813384813385
0.13367609254498714
0.13478818998716302
0.1346153846153846
0.13444302176696543
0.13427109974424553
0.13409961685823754
0.13392857142857142
0.1337579617834395
0.13358778625954199
0.13341804320203304
0.13324873096446702
0.13307984790874525
0.13291139240506328
0.13400758533501897
0.13383838383838384
0.13366960907944514
0.13350125944584382
0.13333333333333333
0.13316582914572864
0.1329987452948557
0.13283208020050125
0.13266583229036297
0.1325
0.132334581772784
0.13216957605985039
0.1320049813200498
0.1318407960199005
0.13167701863354037
0.1315136476426799
0.13135068153655513
0.1311881188118812
0.13102595797280595
0.1308641975308642
0.1319358816276202
0.13177339901477833
0.13284132841328414
0.13267813267813267
0.1325153374233129
0.1323529411764706
0.13341493268053856
0.1332518337408313
0.1330891330891331
0.1329268292682927
0.13276492082825822
0.13260340632603407
0.1324422843256379
0.13228155339805825
0.1321212121212121
0.13196125907990314
0.13180169286577992
0.1316425120772947
0.13148371531966224
0.13132530120481928
0.13116726835138387
0.1310096153846154
0.13085234093637454
0.13069544364508393
0.13053892215568863
0.1303827751196172
0.13022700119474312
0.13007159904534607
0.1299165673420739
0.12976190476190477
0.13079667063020214
0.13064133016627077
0.13048635824436536
0.13033175355450238
0.1301775147928994
0.13002364066193853
0.12987012987012986
0.12971698113207547
0.12956419316843346
0.12941176470588237
0.12925969447708577
0.12910798122065728
0.12895662368112543
0.1288056206088993
0.1286549707602339
0.12850467289719625
0.12835472578763127
0.1282051282051282
0.1280558789289872
0.12790697674418605
0.12775842044134728
0.12761020881670534
0.12746234067207415
0.12731481481481483
0.12716763005780346
0.12702078521939955
0.12687427912341406
0.12672811059907835
0.12658227848101267
0.12643678160919541
0.12629161882893225
0.12614678899082568
0.12600229095074456
0.12585812356979406
0.12571428571428572
0.12557077625570776
0.12542759407069556
0.1252847380410023
0.12514220705346984
0.125
0.12485811577752554
0.12471655328798185
0.1245753114382786
0.1244343891402715
0.12429378531073447
0.12415349887133183
0.12401352874859076
0.12387387387387387
0.12373453318335208
0.12359550561797752
0.12345679012345678
0.12443946188340807
0.12541993281075028
0.12527964205816555
0.12513966480446928
0.125
0.12486064659977704
0.12472160356347439
0.12458286985539488
0.12444444444444444
0.12430632630410655
0.12416851441241686
0.12403100775193798
0.125
0.12486187845303867
0.12472406181015452
0.12458654906284454
0.12444933920704845
0.12431243124312431
0.12417582417582418
0.12403951701427003
0.12390350877192982
0.12376779846659365
0.12363238512035012
0.12349726775956284
0.12336244541484716
0.12322791712104689
0.12309368191721133
0.12295973884657237
0.12282608695652174
0.12269272529858849
0.12255965292841649
0.12351029252437704
0.12337662337662338
0.12324324324324325
0.12311015118790497
0.12297734627831715
0.12284482758620689
0.12271259418729817
0.12258064516129032
0.12244897959183673
0.1223175965665236
0.12218649517684887
0.12205567451820129
0.12192513368983957
0.12179487179487179
0.12166488794023479
0.12153518123667377
0.12140575079872204
0.12127659574468085
0.12114771519659936
0.12101910828025478
0.12089077412513255
0.12182203389830508
0.12169312169312169
0.12156448202959831
0.12143611404435058
0.12130801687763713
0.12118018967334036
0.12105263157894737
0.12092534174553102
0.1207983193277311
0.12067156348373557
0.12054507337526206
0.12041884816753927
0.1202928870292887
0.12016718913270637
0.12004175365344467
0.11991657977059438
0.11979166666666667
0.11966701352757544
0.11954261954261955
0.11941848390446522
0.11929460580912864
0.11917098445595854
0.11904761904761904
0.1189245087900724
0.11880165289256199
0.11867905056759546
0.11855670103092783
0.1184346035015448
0.1183127572016461
0.11819116135662898
0.11806981519507187
0.11794871794871795
0.11782786885245902
0.1187308085977482
0.11860940695296524
0.118488253319714
0.11836734693877551
0.11824668705402651
0.11812627291242363
0.11800610376398779
0.11788617886178862
0.11776649746192894
0.11764705882352941
0.11752786220871327
0.11740890688259109
0.1172901921132457
0.11717171717171718
0.1170534813319879
0.11693548387096774
0.11681772406847936
0.11670020120724346
0.11658291457286432
0.11646586345381527
0.11634904714142427
0.11623246492985972
0.11611611611611612
0.116
0.11588411588411589
