0.0
0.3333333333333333
0.25
0.4
0.5
0.42857142857142855
0.5
0.5555555555555556
0.5
0.5454545454545454
0.5
0.46153846153846156
0.42857142857142855
0.4
0.375
0.35294117647058826
0.3333333333333333
0.3157894736842105
0.3
0.2857142857142857
0.2727272727272727
0.2608695652173913
0.25
0.24
0.23076923076923078
0.2222222222222222
0.21428571428571427
0.20689655172413793
0.2
0.22580645161290322
0.25
0.24242424242424243
0.23529411764705882
0.22857142857142856
0.25
0.24324324324324326
0.23684210526315788
0.23076923076923078
0.225
0.21951219512195122
0.21428571428571427
0.20930232558139536
0.20454545454545456
0.2
0.1956521739130435
0.19148936170212766
0.1875
0.20408163265306123
0.2
0.21568627450980393
0.21153846153846154
0.20754716981132076
0.2037037037037037
0.2
0.19642857142857142
0.21052631578947367
0.20689655172413793
0.2033898305084746
0.21666666666666667
0.21311475409836064
0.20967741935483872
0.20634920634920634
0.203125
0.2
0.19696969696969696
0.19402985074626866
0.19117647058823528
0.18840579710144928
0.18571428571428572
0.18309859154929578
0.18055555555555555
0.1780821917808219
0.17567567567567569
0.17333333333333334
0.17105263157894737
0.16883116883116883
0.1794871794871795
0.17721518987341772
0.175
0.1728395061728395
0.17073170731707318
0.1686746987951807
0.16666666666666666
0.16470588235294117
0.16279069767441862
0.1724137931034483
0.17045454545454544
0.16853932584269662
0.16666666666666666
0.16483516483516483
0.16304347826086957
0.16129032258064516
0.1595744680851064
0.15789473684210525
0.15625
0.15463917525773196
0.15306122448979592
0.15151515151515152
0.15
0.1485148514851485
0.14705882352941177
0.14563106796116504
0.15384615384615385
0.1523809523809524
0.1509433962264151
0.14953271028037382
0.14814814814814814
0.14678899082568808
0.14545454545454545
0.14414414414414414
0.14285714285714285
0.1415929203539823
0.14035087719298245
0.1391304347826087
0.13793103448275862
0.13675213675213677
0.13559322033898305
0.13445378151260504
0.13333333333333333
0.1322314049586777
0.13114754098360656
0.13008130081300814
0.13709677419354838
0.136
0.1349206349206349
0.13385826771653545
0.1328125
0.13178294573643412
0.13076923076923078
0.1297709923664122
0.12878787878787878
0.13533834586466165
0.13432835820895522
0.13333333333333333
0.1323529411764706
0.1386861313868613
0.13768115942028986
0.14388489208633093
0.14285714285714285
0.14184397163120568
0.14084507042253522
0.13986013986013987
0.1388888888888889
0.13793103448275862
0.136986301369863
0.1360544217687075
0.13513513513513514
0.14093959731543623
0.14
0.1456953642384106
0.14473684210526316
0.1437908496732026
0.14285714285714285
0.14193548387096774
0.14102564102564102
0.14012738853503184
0.13924050632911392
0.13836477987421383
0.14375
0.14285714285714285
0.1419753086419753
0.147239263803681
0.14634146341463414
0.15151515151515152
0.15060240963855423
0.1497005988023952
0.1488095238095238
0.14792899408284024
0.14705882352941177
0.14619883040935672
0.1511627906976744
0.15028901734104047
0.14942528735632185
0.14857142857142858
0.14772727272727273
0.14689265536723164
0.14606741573033707
0.1452513966480447
0.14444444444444443
0.143646408839779
0.14835164835164835
0.14754098360655737
0.14673913043478262
0.15135135135135136
0.15053763440860216
0.1497326203208556
0.14893617021276595
0.14814814814814814
0.14736842105263157
0.14659685863874344
0.14583333333333334
0.15025906735751296
0.14948453608247422
0.14871794871794872
0.14795918367346939
0.14720812182741116
0.14646464646464646
0.1457286432160804
0.145
0.14427860696517414
0.14356435643564355
0.14285714285714285
0.14215686274509803
0.14146341463414633
0.1407766990291262
0.14009661835748793
0.13942307692307693
0.13875598086124402
0.1380952380952381
0.13744075829383887
0.13679245283018868
0.13615023474178403
0.13551401869158877
0.13488372093023257
0.13425925925925927
0.1336405529953917
0.13302752293577982
0.1324200913242009
0.1318181818181818
0.13122171945701358
0.13063063063063063
0.13004484304932734
0.12946428571428573
0.1288888888888889
0.12831858407079647
0.13215859030837004
0.13157894736842105
0.13100436681222707
0.13043478260869565
0.12987012987012986
0.12931034482758622
0.12875536480686695
0.1282051282051282
0.1276595744680851
0.1271186440677966
0.12658227848101267
0.12605042016806722
0.12552301255230125
0.125
0.12448132780082988
0.12396694214876033
0.12345679012345678
0.12704918032786885
0.12653061224489795
0.12601626016260162
0.12550607287449392
0.125
0.12449799196787148
0.124
0.12350597609561753
0.12301587301587301
0.1225296442687747
0.1220472440944882
0.12156862745098039
0.12109375
0.12062256809338522
0.12015503875968993
0.11969111969111969
0.11923076923076924
0.11877394636015326
0.12213740458015267
0.12167300380228137
0.125
0.12452830188679245
0.12406015037593984
0.12359550561797752
0.12313432835820895
0.12267657992565056
0.12222222222222222
0.12177121771217712
0.1213235294117647
0.12087912087912088
0.12043795620437957
0.12
0.11956521739130435
0.11913357400722022
0.11870503597122302
0.11827956989247312
0.11785714285714285
0.11743772241992882
0.12056737588652482
0.12014134275618374
0.11971830985915492
0.11929824561403508
0.11888111888111888
0.11846689895470383
0.11805555555555555
0.11764705882352941
0.11724137931034483
0.12027491408934708
0.11986301369863013
0.11945392491467577
0.11904761904761904
0.11864406779661017
0.11824324324324324
0.11784511784511785
0.1174496644295302
0.11705685618729098
0.11666666666666667
0.11960132890365449
0.11920529801324503
0.1188118811881188
0.12171052631578948
0.12131147540983607
0.12091503267973856
0.12052117263843648
0.12337662337662338
0.12297734627831715
0.12258064516129032
0.12218649517684887
0.12179487179487179
0.12140575079872204
0.12101910828025478
0.12063492063492064
0.12341772151898735
0.12302839116719243
0.12578616352201258
0.12539184952978055
0.128125
0.1308411214953271
0.13043478260869565
0.13003095975232198
0.12962962962962962
0.12923076923076923
0.12883435582822086
0.12844036697247707
0.12804878048780488
0.13069908814589665
0.13333333333333333
0.13293051359516617
0.13253012048192772
0.13213213213213212
0.1317365269461078
0.13134328358208955
0.13095238095238096
0.13056379821958458
0.1301775147928994
0.12979351032448377
0.12941176470588237
0.12903225806451613
0.1286549707602339
0.1282798833819242
0.12790697674418605
0.12753623188405797
0.12716763005780346
0.12680115273775217
0.12643678160919541
0.12607449856733524
0.12571428571428572
0.12535612535612536
0.125
0.12464589235127478
0.1271186440677966
0.1295774647887324
0.12921348314606743
0.12885154061624648
0.12849162011173185
0.12813370473537605
0.12777777777777777
0.13019390581717452
0.1298342541436464
0.12947658402203857
0.12912087912087913
0.12876712328767123
0.1284153005464481
0.12806539509536785
0.12771739130434784
0.12737127371273713
0.12702702702702703
0.12668463611859837
0.12634408602150538
0.1260053619302949
0.12566844919786097
0.12533333333333332
0.125
0.1246684350132626
0.12433862433862433
0.12401055408970976
0.12368421052631579
0.12335958005249344
0.12303664921465969
0.1227154046997389
0.12239583333333333
0.12207792207792208
0.12176165803108809
0.12144702842377261
0.1211340206185567
0.12082262210796915
0.12051282051282051
0.12020460358056266
0.11989795918367346
0.11959287531806616
0.1218274111675127
0.12151898734177215
0.12121212121212122
0.12090680100755667
0.12060301507537688
0.12030075187969924
0.12
0.11970074812967581
0.11940298507462686
0.11910669975186104
0.1188118811881188
0.11851851851851852
0.11822660098522167
0.11793611793611794
0.11764705882352941
0.11735941320293398
0.11707317073170732
0.11678832116788321
0.11893203883495146
0.11864406779661017
0.12077294685990338
0.12048192771084337
0.1201923076923077
0.11990407673860912
0.11961722488038277
0.11933174224343675
0.11904761904761904
0.1187648456057007
0.11848341232227488
0.1182033096926714
0.1179245283018868
0.11764705882352941
0.11737089201877934
0.117096018735363
0.11682242990654206
0.11888111888111888
0.1186046511627907
0.11832946635730858
0.11805555555555555
0.11778290993071594
0.1175115207373272
0.11724137931034483
0.11697247706422019
0.11670480549199085
0.11643835616438356
0.11617312072892938
0.1159090909090909
0.11564625850340136
0.11538461538461539
0.11512415349887133
0.11486486486486487
0.1146067415730337
0.11434977578475336
0.11409395973154363
0.11383928571428571
0.11358574610244988
0.11333333333333333
0.1130820399113082
0.11283185840707964
0.11258278145695365
0.11233480176211454
0.11208791208791209
0.1118421052631579
0.11159737417943107
0.11353711790393013
0.11546840958605664
0.11521739130434783
0.11496746203904555
0.11471861471861472
0.11447084233261338
0.11422413793103449
0.11397849462365592
0.11373390557939914
0.11349036402569593
0.11324786324786325
0.11300639658848614
0.1127659574468085
0.11252653927813164
0.11228813559322035
0.11205073995771671
0.11181434599156118
0.11157894736842106
0.1134453781512605
0.11320754716981132
0.11297071129707113
0.1127348643006263
0.1125
0.11434511434511435
0.11410788381742738
0.11387163561076605
0.11363636363636363
0.1134020618556701
0.11316872427983539
0.11293634496919917
0.11270491803278689
0.11247443762781185
0.11224489795918367
0.11405295315682282
0.11382113821138211
0.11359026369168357
0.11336032388663968
0.11313131313131314
0.11290322580645161
0.11267605633802817
0.1144578313253012
0.11422845691382766
0.114
0.11377245508982035
0.11354581673306773
0.11530815109343936
0.11507936507936507
0.11485148514851486
0.11462450592885376
0.11637080867850098
0.11614173228346457
0.11591355599214145
0.11568627450980393
0.11545988258317025
0.115234375
0.11500974658869395
0.11478599221789883
0.1145631067961165
0.11434108527131782
0.11411992263056092
0.1138996138996139
0.11368015414258188
0.11538461538461539
0.11516314779270634
0.11494252873563218
0.1147227533460803
0.11450381679389313
0.11428571428571428
0.11406844106463879
0.11385199240986717
0.11363636363636363
0.11531190926275993
0.11509433962264151
0.11487758945386065
0.11654135338345864
0.11632270168855535
0.11610486891385768
0.11775700934579439
0.11753731343283583
0.11731843575418995
0.1171003717472119
0.11688311688311688
0.11666666666666667
0.11645101663585952
0.11623616236162361
0.11786372007366483
0.11764705882352941
0.11743119266055047
0.11721611721611722
0.1170018281535649
0.11678832116788321
0.11657559198542805
0.11636363636363636
0.1161524500907441
0.11594202898550725
0.11573236889692586
0.11552346570397112
0.11531531531531532
0.11510791366906475
0.11490125673249552
0.11469534050179211
0.11449016100178891
0.11428571428571428
0.1140819964349376
0.11387900355871886
0.11367673179396093
0.11347517730496454
0.11327433628318584
0.11484098939929328
0.1146384479717813
0.11443661971830986
0.11423550087873462
0.11578947368421053
0.11733800350262696
0.11713286713286714
0.1169284467713787
0.11672473867595819
0.11652173913043479
0.11631944444444445
0.11611785095320624
0.11591695501730104
0.1157167530224525
0.11551724137931034
0.1153184165232358
0.11512027491408934
0.11492281303602059
0.11472602739726027
0.11452991452991453
0.11604095563139932
0.11584327086882454
0.11734693877551021
0.11714770797962648
0.11694915254237288
0.116751269035533
0.11655405405405406
0.1163575042158516
0.11616161616161616
0.11596638655462185
0.11577181208053691
0.11725293132328309
0.11705685618729098
0.11686143572621036
0.11666666666666667
0.11647254575707154
0.11794019933554817
0.11774461028192372
0.11754966887417219
0.11735537190082644
0.11716171617161716
0.11696869851729819
0.11677631578947369
0.11658456486042693
0.11639344262295082
0.11620294599018004
0.11764705882352941
0.11745513866231648
0.11726384364820847
0.11707317073170732
0.11688311688311688
0.1166936790923825
0.11650485436893204
0.11631663974151858
0.11774193548387096
0.11755233494363929
0.1189710610932476
0.1187800963081862
0.11858974358974358
0.1184
0.1182108626198083
0.11802232854864433
0.1178343949044586
0.11764705882352941
0.11746031746031746
0.11727416798732171
0.11708860759493671
0.11690363349131122
0.1167192429022082
0.11653543307086614
0.11635220125786164
0.11616954474097331
0.11598746081504702
0.11580594679186229
0.1171875
0.11856474258970359
0.11838006230529595
0.1181959564541213
0.11801242236024845
0.11937984496124031
0.11919504643962849
0.11901081916537867
0.11882716049382716
0.11864406779661017
0.11846153846153847
0.11827956989247312
0.11809815950920245
0.11791730474732007
0.11773700305810397
0.11755725190839694
0.11890243902439024
0.1187214611872146
0.11854103343465046
0.11836115326251896
0.11818181818181818
0.11951588502269289
0.11933534743202417
0.1191553544494721
0.11897590361445783
0.12030075187969924
0.12012012012012012
0.1199400299850075
0.11976047904191617
0.11958146487294469
0.11940298507462686
0.11922503725782414
0.11904761904761904
0.1188707280832095
0.11869436201780416
0.11851851851851852
0.11834319526627218
0.11816838995568685
0.11799410029498525
0.11782032400589101
0.11764705882352941
0.11894273127753303
0.1187683284457478
0.12005856515373353
0.11988304093567251
0.11970802919708029
0.119533527696793
0.11935953420669577
0.11918604651162791
0.11901306240928883
0.11884057971014493
0.11866859623733719
0.11849710982658959
0.11976911976911978
0.12103746397694524
0.12086330935251799
0.1206896551724138
0.12051649928263988
0.12034383954154727
0.12017167381974249
0.12
0.12125534950071326
0.12108262108262108
0.12091038406827881
0.12073863636363637
0.12056737588652482
0.12039660056657224
0.12022630834512023
0.12005649717514125
0.11988716502115655
0.11971830985915492
0.11954992967651196
0.11938202247191011
0.11921458625525946
0.11904761904761904
0.11888111888111888
0.12011173184357542
0.1199442119944212
0.12116991643454039
0.12100139082058414
0.12083333333333333
0.12066574202496533
0.12049861495844875
0.12033195020746888
0.12016574585635359
0.12
0.11983471074380166
0.11966987620357634
0.11950549450549451
0.11934156378600823
0.11917808219178082
0.11901504787961696
0.11885245901639344
0.11869031377899045
0.11852861035422343
0.11836734693877551
0.11820652173913043
0.11804613297150611
0.11788617886178862
0.11772665764546685
0.11756756756756757
0.11740890688259109
0.11725067385444744
0.11709286675639301
0.11693548387096774
0.11677852348993288
0.11662198391420911
0.11646586345381527
0.1163101604278075
0.11615487316421896
0.116
0.11584553928095873
0.11702127659574468
0.11686586985391766
0.11671087533156499
0.11655629139072848
0.1164021164021164
0.11624834874504623
0.11609498680738786
0.11594202898550725
0.11578947368421053
0.11563731931668857
0.11548556430446194
0.11664482306684142
0.11649214659685864
0.11633986928104575
0.11618798955613577
0.11603650586701435
0.11588541666666667
0.11573472041612484
0.11558441558441558
0.11543450064850844
0.11528497409326424
0.11513583441138421
0.11498708010335917
0.11483870967741935
0.11469072164948453
0.11454311454311454
0.11439588688946016
0.11424903722721438
0.1141025641025641
0.11523687580025609
0.11508951406649616
0.11494252873563218
0.11479591836734694
0.1159235668789809
0.11704834605597965
0.11689961880559085
0.116751269035533
0.11660329531051965
0.11645569620253164
0.11630847029077118
0.11742424242424243
0.11727616645649433
0.11712846347607053
0.1169811320754717
0.11683417085427136
0.11668757841907151
0.11654135338345864
0.11764705882352941
0.11875
0.11860174781523096
0.11845386533665836
0.11830635118306351
0.11940298507462686
0.11925465838509317
0.11910669975186104
0.11895910780669144
0.1188118811881188
0.11866501854140915
0.11851851851851852
0.11837237977805179
0.11822660098522167
0.11808118081180811
0.11793611793611794
0.11779141104294479
0.11764705882352941
0.1175030599755202
0.11735941320293398
0.11721611721611722
0.11707317073170732
0.11693057247259439
0.11678832116788321
0.1166464155528554
0.11650485436893204
0.11636363636363636
0.1162227602905569
0.11608222490931076
0.11594202898550725
0.1158021712907117
0.11566265060240964
0.11552346570397112
0.11538461538461539
0.11524609843937575
0.11510791366906475
0.11497005988023952
0.11483253588516747
0.11469534050179211
0.11455847255369929
0.11442193087008343
0.11428571428571428
0.11414982164090369
0.11401425178147269
0.11387900355871886
0.11492890995260663
0.11479289940828402
0.11465721040189125
0.11452184179456906
0.11438679245283019
0.11425206124852769
0.11411764705882353
0.11398354876615746
0.11384976525821597
0.11371629542790153
0.11358313817330211
0.11345029239766082
0.1133177570093458
0.11435239206534423
0.11421911421911422
0.1140861466821886
0.11395348837209303
0.11382113821138211
0.1148491879350348
0.11471610660486674
0.11458333333333333
0.11445086705202312
0.11431870669745958
0.11534025374855825
0.1152073732718894
0.11507479861910241
0.11494252873563218
0.1148105625717566
0.11467889908256881
0.1145475372279496
0.11441647597254005
0.11428571428571428
0.1141552511415525
0.11402508551881414
0.11389521640091116
0.11376564277588168
0.11363636363636363
0.11350737797956867
0.11337868480725624
0.11325028312570781
0.11312217194570136
0.11299435028248588
0.11286681715575621
0.11273957158962795
0.11261261261261261
0.1124859392575928
0.11235955056179775
0.1122334455667789
0.11210762331838565
0.11198208286674133
0.11185682326621924
0.11173184357541899
0.11160714285714286
0.11148272017837235
0.111358574610245
0.11123470522803114
0.1111111111111111
0.11098779134295228
0.11086474501108648
0.11074197120708748
0.11061946902654868
0.11049723756906077
0.11037527593818984
0.1113561190738699
0.11123348017621146
0.11221122112211221
0.11208791208791209
0.1119648737650933
0.1118421052631579
0.11171960569550932
0.11159737417943107
0.11147540983606558
0.11135371179039301
0.11232279171210469
0.11220043572984749
0.11207834602829161
0.11195652173913044
0.11183496199782844
0.11171366594360087
0.11267605633802817
0.11255411255411256
0.11243243243243244
0.11231101511879049
0.1121898597626753
0.11206896551724138
0.11194833153928956
0.11182795698924732
0.11170784103114931
0.11158798283261803
0.11146838156484459
0.11134903640256959
0.11122994652406418
0.1111111111111111
0.11099252934898612
0.11087420042643924
0.11075612353567625
0.11063829787234042
0.11052072263549416
0.11040339702760085
0.1102863202545069
0.11016949152542373
0.11005291005291006
0.10993657505285412
0.10982048574445617
0.10970464135021098
0.1095890410958904
0.10947368421052632
0.10935856992639327
0.1092436974789916
0.10912906610703044
0.1090146750524109
0.10890052356020942
0.1087866108786611
0.10867293625914315
0.10855949895615867
0.10844629822732013
0.109375
0.11030176899063475
0.1101871101871102
0.11007268951194185
0.10995850622406639
0.10984455958549223
0.10973084886128365
0.10961737331954498
0.10950413223140495
0.10939112487100103
0.11030927835051546
0.11122554067971163
0.1111111111111111
0.11099691675231244
0.11190965092402463
0.1117948717948718
0.11168032786885246
0.11156601842374617
0.11247443762781185
0.11235955056179775
0.11224489795918367
0.11213047910295616
0.1120162932790224
0.11190233977619532
0.11178861788617886
0.1116751269035533
0.11156186612576065
0.11144883485309018
0.11133603238866396
0.11122345803842265
0.1111111111111111
0.11200807265388496
0.11189516129032258
0.11178247734138973
0.11167002012072434
0.11155778894472362
0.11144578313253012
0.11133400200601805
0.11122244488977956
0.1111111111111111
0.111
0.1108891108891109
