0.5
0.6666666666666666
0.75
0.6
0.6666666666666666
0.7142857142857143
0.625
0.5555555555555556
0.5
0.45454545454545453
0.4166666666666667
0.38461538461538464
0.35714285714285715
0.3333333333333333
0.375
0.35294117647058826
0.3333333333333333
0.3157894736842105
0.3
0.3333333333333333
0.3181818181818182
0.30434782608695654
0.2916666666666667
0.28
0.2692307692307692
0.25925925925925924
0.2857142857142857
0.27586206896551724
0.3
0.3225806451612903
0.3125
0.30303030303030304
0.29411764705882354
0.2857142857142857
0.2777777777777778
0.2702702702702703
0.2631578947368421
0.2564102564102564
0.25
0.24390243902439024
0.23809523809523808
0.23255813953488372
0.22727272727272727
0.2222222222222222
0.21739130434782608
0.2127659574468085
0.20833333333333334
0.20408163265306123
0.22
0.21568627450980393
0.21153846153846154
0.22641509433962265
0.2222222222222222
0.21818181818181817
0.21428571428571427
0.21052631578947367
0.20689655172413793
0.2033898305084746
0.2
0.21311475409836064
0.20967741935483872
0.20634920634920634
0.203125
0.2
0.21212121212121213
0.208955223880597
0.20588235294117646
0.2028985507246377
0.2
0.19718309859154928
0.19444444444444445
0.1917808219178082
0.20270270270270271
0.2
0.19736842105263158
0.19480519480519481
0.19230769230769232
0.189873417721519
0.1875
0.18518518518518517
0.18292682926829268
0.18072289156626506
0.17857142857142858
0.17647058823529413
0.1744186046511628
0.1724137931034483
0.18181818181818182
0.1797752808988764
0.17777777777777778
0.17582417582417584
0.17391304347826086
0.1827956989247312
0.18085106382978725
0.17894736842105263
0.17708333333333334
0.18556701030927836
0.1836734693877551
0.18181818181818182
0.18
0.1782178217821782
0.17647058823529413
0.17475728155339806
0.17307692307692307
0.17142857142857143
0.16981132075471697
0.16822429906542055
0.16666666666666666
0.1651376146788991
0.16363636363636364
0.16216216216216217
0.16071428571428573
0.1592920353982301
0.16666666666666666
0.16521739130434782
0.16379310344827586
0.1623931623931624
0.16101694915254236
0.16806722689075632
0.16666666666666666
0.17355371900826447
0.1721311475409836
0.17073170731707318
0.1693548387096774
0.168
0.16666666666666666
0.16535433070866143
0.1640625
0.16279069767441862
0.16923076923076924
0.16793893129770993
0.16666666666666666
0.16541353383458646
0.16417910447761194
0.16296296296296298
0.16176470588235295
0.16058394160583941
0.15942028985507245
0.15827338129496402
0.15714285714285714
0.15602836879432624
0.1619718309859155
0.16083916083916083
0.1597222222222222
0.15862068965517243
0.15753424657534246
0.1564625850340136
0.1554054054054054
0.15436241610738255
0.15333333333333332
0.152317880794702
0.1513157894736842
0.1503267973856209
0.14935064935064934
0.14838709677419354
0.14743589743589744
0.1464968152866242
0.14556962025316456
0.14465408805031446
0.14375
0.14906832298136646
0.14814814814814814
0.147239263803681
0.1524390243902439
0.15151515151515152
0.15060240963855423
0.1497005988023952
0.1488095238095238
0.15384615384615385
0.15294117647058825
0.15204678362573099
0.1511627906976744
0.15028901734104047
0.14942528735632185
0.14857142857142858
0.14772727272727273
0.15254237288135594
0.15168539325842698
0.15083798882681565
0.15
0.14917127071823205
0.14835164835164835
0.14754098360655737
0.14673913043478262
0.14594594594594595
0.14516129032258066
0.1443850267379679
0.14361702127659576
0.14285714285714285
0.14210526315789473
0.14136125654450263
0.140625
0.14507772020725387
0.14432989690721648
0.14358974358974358
0.14285714285714285
0.14213197969543148
0.1414141414141414
0.1407035175879397
0.14
0.13930348258706468
0.13861386138613863
0.13793103448275862
0.13725490196078433
0.13658536585365855
0.1407766990291262
0.14009661835748793
0.13942307692307693
0.13875598086124402
0.1380952380952381
0.13744075829383887
0.14150943396226415
0.14553990610328638
0.14485981308411214
0.14418604651162792
0.14351851851851852
0.14285714285714285
0.14678899082568808
0.1461187214611872
0.14545454545454545
0.14479638009049775
0.14414414414414414
0.14349775784753363
0.14285714285714285
0.14222222222222222
0.1415929203539823
0.14096916299559473
0.14035087719298245
0.13973799126637554
0.14347826086956522
0.14285714285714285
0.14224137931034483
0.14163090128755365
0.1452991452991453
0.14468085106382977
0.1440677966101695
0.14767932489451477
0.14705882352941177
0.14644351464435146
0.14583333333333334
0.14522821576763487
0.1446280991735537
0.1440329218106996
0.14344262295081966
0.14285714285714285
0.14227642276422764
0.145748987854251
0.14919354838709678
0.14859437751004015
0.148
0.15139442231075698
0.15079365079365079
0.15019762845849802
0.14960629921259844
0.14901960784313725
0.1484375
0.14785992217898833
0.14728682170542637
0.14671814671814673
0.14615384615384616
0.14559386973180077
0.1450381679389313
0.1444866920152091
0.14393939393939395
0.14339622641509434
0.14285714285714285
0.14606741573033707
0.14925373134328357
0.14869888475836432
0.14814814814814814
0.15129151291512916
0.15073529411764705
0.15018315018315018
0.14963503649635038
0.14909090909090908
0.14855072463768115
0.148014440433213
0.1510791366906475
0.15053763440860216
0.15357142857142858
0.15302491103202848
0.1524822695035461
0.1519434628975265
0.15492957746478872
0.1543859649122807
0.15384615384615385
0.156794425087108
0.15625
0.15570934256055363
0.15517241379310345
0.15463917525773196
0.1541095890410959
0.15358361774744028
0.15306122448979592
0.15254237288135594
0.15202702702702703
0.15151515151515152
0.15100671140939598
0.1505016722408027
0.15
0.14950166112956811
0.152317880794702
0.15181518151815182
0.1513157894736842
0.15081967213114755
0.1503267973856209
0.1498371335504886
0.14935064935064934
0.1488673139158576
0.14838709677419354
0.14790996784565916
0.14743589743589744
0.14696485623003194
0.14968152866242038
0.1492063492063492
0.14873417721518986
0.14826498422712933
0.1509433962264151
0.15047021943573669
0.15
0.14953271028037382
0.15217391304347827
0.15479876160990713
0.15432098765432098
0.15384615384615385
0.15337423312883436
0.1529051987767584
0.1524390243902439
0.1519756838905775
0.15151515151515152
0.1510574018126888
0.15060240963855423
0.15015015015015015
0.15269461077844312
0.15223880597014924
0.15178571428571427
0.1513353115727003
0.15088757396449703
0.1504424778761062
0.15
0.1495601173020528
0.14912280701754385
0.14868804664723032
0.14825581395348839
0.14782608695652175
0.14739884393063585
0.14697406340057637
0.14942528735632185
0.1489971346704871
0.14857142857142858
0.14814814814814814
0.14772727272727273
0.14730878186968838
0.14689265536723164
0.14647887323943662
0.14606741573033707
0.14565826330532214
0.1452513966480447
0.14484679665738162
0.14444444444444443
0.1440443213296399
0.1464088397790055
0.14600550964187328
0.14560439560439561
0.14520547945205478
0.14754098360655737
0.14713896457765668
0.14673913043478262
0.14634146341463414
0.14594594594594595
0.14555256064690028
0.14516129032258066
0.1447721179624665
0.1443850267379679
0.144
0.14361702127659576
0.14323607427055704
0.14285714285714285
0.14511873350923482
0.14473684210526316
0.14698162729658792
0.14659685863874344
0.1462140992167102
0.14583333333333334
0.14805194805194805
0.14766839378238342
0.14987080103359174
0.14948453608247422
0.14910025706940874
0.14871794871794872
0.1483375959079284
0.14795918367346939
0.1475826972010178
0.14974619289340102
0.1518987341772152
0.15151515151515152
0.15113350125944586
0.1507537688442211
0.15037593984962405
0.15
0.14962593516209477
0.14925373134328357
0.1488833746898263
0.1485148514851485
0.14814814814814814
0.1477832512315271
0.14742014742014742
0.14705882352941177
0.1466992665036675
0.14634146341463414
0.145985401459854
0.14563106796116504
0.14527845036319612
0.14492753623188406
0.14698795180722893
0.14903846153846154
0.1486810551558753
0.14832535885167464
0.14797136038186157
0.14761904761904762
0.14726840855106887
0.14691943127962084
0.14657210401891252
0.14622641509433962
0.14588235294117646
0.14553990610328638
0.1451990632318501
0.14485981308411214
0.1445221445221445
0.14418604651162792
0.14385150812064965
0.14351851851851852
0.14549653579676675
0.14516129032258066
0.14482758620689656
0.1444954128440367
0.14645308924485126
0.1461187214611872
0.14578587699316628
0.14545454545454545
0.14512471655328799
0.14479638009049775
0.14446952595936793
0.14414414414414414
0.14382022471910114
0.14349775784753363
0.14317673378076062
0.14285714285714285
0.14253897550111358
0.14222222222222222
0.1419068736141907
0.1415929203539823
0.141280353200883
0.14096916299559473
0.14065934065934066
0.14035087719298245
0.1400437636761488
0.13973799126637554
0.1394335511982571
0.1391304347826087
0.13882863340563992
0.13852813852813853
0.13822894168466524
0.13793103448275862
0.13763440860215054
0.13733905579399142
0.13704496788008566
0.13675213675213677
0.13646055437100213
0.13617021276595745
0.13588110403397027
0.13559322033898305
0.13530655391120508
0.1371308016877637
0.1368421052631579
0.13655462184873948
0.13626834381551362
0.13807531380753138
0.13987473903966596
0.13958333333333334
0.1392931392931393
0.13900414937759337
0.13871635610766045
0.14049586776859505
0.1402061855670103
0.13991769547325103
0.13963039014373715
0.13934426229508196
0.1411042944785276
0.14285714285714285
0.1425661914460285
0.14227642276422764
0.14198782961460446
0.1417004048582996
0.1414141414141414
0.1431451612903226
0.14285714285714285
0.142570281124498
0.14228456913827656
0.142
0.14171656686626746
0.14143426294820718
0.1411530815109344
0.14087301587301587
0.1405940594059406
0.14031620553359683
0.14003944773175542
0.13976377952755906
0.14145383104125736
0.14313725490196078
0.14285714285714285
0.142578125
0.14230019493177387
0.14202334630350194
0.141747572815534
0.14147286821705427
0.14119922630560927
0.14092664092664092
0.14258188824662812
0.1423076923076923
0.1420345489443378
0.1417624521072797
0.14149139579349904
0.14122137404580154
0.14095238095238094
0.14068441064638784
0.14041745730550284
0.14015151515151514
0.13988657844990549
0.13962264150943396
0.1393596986817326
0.13909774436090225
0.14071294559099437
0.1404494382022472
0.14018691588785046
0.13992537313432835
0.13966480446927373
0.13940520446096655
0.1391465677179963
0.1388888888888889
0.13863216266173753
0.13837638376383765
0.13812154696132597
0.13786764705882354
0.13761467889908258
0.13736263736263737
0.13711151736745886
0.1386861313868613
0.1384335154826958
0.13818181818181818
0.13793103448275862
0.13768115942028986
0.13743218806509946
0.1371841155234657
0.13693693693693693
0.13848920863309352
0.13824057450628366
0.13799283154121864
0.13774597495527727
0.1375
0.13725490196078433
0.1387900355871886
0.13854351687388988
0.13829787234042554
0.13805309734513274
0.13780918727915195
0.13756613756613756
0.13732394366197184
0.13708260105448156
0.1368421052631579
0.13660245183887915
0.13636363636363635
0.13612565445026178
0.13588850174216027
0.1373913043478261
0.1388888888888889
0.1386481802426343
0.1384083044982699
0.1381692573402418
0.13793103448275862
0.13769363166953527
0.13917525773195877
0.13893653516295026
0.1386986301369863
0.13846153846153847
0.13993174061433447
0.13969335604770017
0.13945578231292516
0.13921901528013583
0.13898305084745763
0.13874788494077833
0.13851351351351351
0.1399662731871838
0.13973063973063973
0.13949579831932774
0.13926174496644295
0.1390284757118928
0.13879598662207357
0.13856427378964942
0.13833333333333334
0.13810316139767054
0.13953488372093023
0.13930348258706468
0.1390728476821192
0.13884297520661157
0.13861386138613863
0.1400329489291598
0.14144736842105263
0.1412151067323481
0.14098360655737704
0.1407528641571195
0.14052287581699346
0.1402936378466558
0.14006514657980457
0.13983739837398373
0.1396103896103896
0.1393841166936791
0.13915857605177995
0.13893376413570274
0.13870967741935483
0.13848631239935588
0.1382636655948553
0.13804173354735153
0.13782051282051283
0.1376
0.13738019169329074
0.1371610845295056
0.13694267515923567
0.1383147853736089
0.1380952380952381
0.13787638668779714
0.13765822784810128
0.13744075829383887
0.138801261829653
0.13858267716535433
0.13836477987421383
0.13814756671899528
0.13793103448275862
0.13771517996870108
0.1375
0.1372854914196568
0.13707165109034267
0.1368584758942457
0.13664596273291926
0.13798449612403102
0.13777089783281735
0.1375579598145286
0.13734567901234568
0.13713405238828968
0.13692307692307693
0.1382488479262673
0.13803680981595093
0.13782542113323124
0.13761467889908258
0.13893129770992366
0.13871951219512196
0.1400304414003044
0.1398176291793313
0.1411229135053111
0.1409090909090909
0.14069591527987896
0.1404833836858006
0.14177978883861236
0.14156626506024098
0.14135338345864662
0.14114114114114115
0.1409295352323838
0.1407185628742515
0.14050822122571002
0.14029850746268657
0.14008941877794337
0.13988095238095238
0.13967310549777118
0.1394658753709199
0.13925925925925925
0.1390532544378698
0.13884785819793205
0.13864306784660768
0.13843888070692195
0.13823529411764707
0.13803230543318648
0.1378299120234604
0.1376281112737921
0.1388888888888889
0.1386861313868613
0.13848396501457727
0.13828238719068414
0.1380813953488372
0.1378809869375907
0.13768115942028986
0.13748191027496381
0.13728323699421965
0.1370851370851371
0.13688760806916425
0.1381294964028777
0.13793103448275862
0.13773314203730272
0.13753581661891118
0.13733905579399142
0.13714285714285715
0.1369472182596291
0.13675213675213677
0.13655761024182078
0.13636363636363635
0.13617021276595745
0.1359773371104816
0.13578500707213578
0.13559322033898305
0.13540197461212977
0.13661971830985917
0.13783403656821377
0.13764044943820225
0.13744740532959326
0.13865546218487396
0.13846153846153847
0.138268156424581
0.13807531380753138
0.13788300835654596
0.1376912378303199
0.1375
0.13730929264909847
0.1371191135734072
0.13692946058091288
0.13674033149171272
0.13655172413793104
0.13636363636363635
0.1361760660247593
0.13598901098901098
0.13580246913580246
0.13561643835616438
0.1354309165526676
0.13524590163934427
0.13506139154160982
0.13487738419618528
0.1346938775510204
0.13451086956521738
0.13432835820895522
0.13414634146341464
0.13396481732070364
0.13378378378378378
0.13360323886639677
0.1334231805929919
0.13324360699865412
0.13306451612903225
0.13288590604026845
0.13270777479892762
0.13386880856760375
0.13368983957219252
0.1348464619492657
0.13466666666666666
0.13448735019973368
0.13430851063829788
0.1341301460823373
0.13395225464190982
0.13509933774834437
0.1349206349206349
0.13474240422721268
0.1345646437994723
0.13438735177865613
0.13421052631578947
0.1340341655716163
0.13385826771653545
0.13368283093053734
0.13350785340314136
0.13333333333333333
0.13315926892950392
0.13298565840938723
0.13411458333333334
0.1352405721716515
0.13506493506493505
0.13488975356679636
0.13471502590673576
0.13454075032341525
0.1343669250645995
0.13419354838709677
0.13402061855670103
0.13384813384813385
0.13367609254498714
0.13350449293966624
0.13333333333333333
0.13316261203585147
0.1329923273657289
0.13409961685823754
0.13392857142857142
0.13503184713375796
0.13486005089058525
0.13468869123252858
0.13451776649746192
0.13434727503168567
0.1341772151898734
0.13527180783817952
0.1351010101010101
0.13493064312736444
0.13476070528967254
0.13459119496855346
0.13442211055276382
0.1355081555834379
0.13533834586466165
0.13516896120150187
0.135
0.1348314606741573
0.13466334164588528
0.13449564134495642
0.13432835820895522
0.13540372670807455
0.13647642679900746
0.13630731102850063
0.13613861386138615
0.13597033374536466
0.13580246913580246
0.13563501849568435
0.1354679802955665
0.13530135301353013
0.13513513513513514
0.13496932515337423
0.13480392156862744
0.1346389228886169
0.13447432762836187
0.1343101343101343
0.13414634146341464
0.13398294762484775
0.13381995133819952
0.1336573511543135
0.13349514563106796
0.13333333333333333
0.1343825665859564
0.13422007255139057
0.13405797101449277
0.13510253317249699
0.13493975903614458
0.13477737665463296
0.13581730769230768
0.13565426170468187
0.1354916067146283
0.13532934131736526
0.13516746411483255
0.13500597371565112
0.1360381861575179
0.13587604290822408
0.1357142857142857
0.13555291319857313
0.13539192399049882
0.13523131672597866
0.13507109004739337
0.1349112426035503
0.1347517730496454
0.1345926800472255
0.13443396226415094
0.13427561837455831
0.13411764705882354
0.13396004700352526
0.13497652582159625
0.13481828839390386
0.13466042154566746
0.13450292397660818
0.13434579439252337
0.13418903150525088
0.13403263403263405
0.13387660069848661
0.13372093023255813
0.13356562137049943
0.1334106728538283
0.1332560834298957
0.13310185185185186
0.1329479768786127
0.13279445727482678
0.13264129181084197
0.13248847926267282
0.1323360184119678
0.13218390804597702
0.13203214695752008
0.13188073394495411
0.13172966781214204
0.13157894736842105
0.13142857142857142
0.1312785388127854
0.13112884834663627
0.13097949886104784
0.13083048919226395
0.13068181818181818
0.13053348467650397
0.13151927437641722
0.13137032842582105
0.13122171945701358
0.1310734463276836
0.1309255079006772
0.13077790304396844
0.13063063063063063
0.13048368953880765
0.1303370786516854
0.13019079685746351
0.13004484304932734
0.12989921612541994
0.1297539149888143
0.12960893854748604
0.12946428571428573
0.12931995540691194
0.1291759465478842
0.12903225806451613
0.1288888888888889
0.12874583795782463
0.1286031042128603
0.12846068660022147
0.12831858407079647
0.1281767955801105
0.1280353200883002
0.1278941565600882
0.1277533039647577
0.12871287128712872
0.12857142857142856
0.12843029637760703
0.12938596491228072
0.1303395399780942
0.1301969365426696
0.13114754098360656
0.13100436681222707
0.13195201744820065
0.1328976034858388
0.13275299238302501
0.13260869565217392
0.13246471226927253
0.13232104121475055
0.13217768147345613
0.13203463203463203
0.1318918918918919
0.13174946004319654
0.13160733549083065
0.13254310344827586
0.13240043057050593
0.13225806451612904
0.13211600429645542
0.13197424892703863
0.13183279742765272
0.1316916488222698
0.13155080213903744
0.13141025641025642
0.13127001067235858
0.13113006396588486
0.13099041533546327
0.13085106382978723
0.13071200850159406
0.1305732484076433
0.13043478260869565
0.13029661016949154
0.13015873015873017
0.13107822410147993
0.13093980992608237
0.1308016877637131
0.13066385669125394
0.13052631578947368
0.13144058885383805
0.13130252100840337
0.1311647429171039
0.1310272536687631
0.13089005235602094
0.1307531380753138
0.13061650992685475
0.1304801670146138
0.13034410844629823
0.13020833333333334
0.13111342351716962
0.13097713097713098
0.1308411214953271
0.13174273858921162
0.13264248704663212
0.13250517598343686
0.13236814891416754
0.13326446280991736
0.13312693498452013
0.13298969072164948
0.13285272914521112
0.13271604938271606
0.13257965056526208
0.13347022587268995
0.13333333333333333
0.13319672131147542
0.1330603889457523
0.1329243353783231
0.13278855975485188
0.1326530612244898
0.1325178389398573
0.13238289205702647
0.13224821973550355
0.13211382113821138
0.1319796954314721
0.13184584178498987
0.13171225937183384
0.13157894736842105
0.13144590495449948
0.13131313131313133
0.1311806256306761
0.1310483870967742
0.1309164149043303
0.13078470824949698
0.1306532663316583
0.13052208835341367
0.13039117352056168
0.13026052104208416
0.13013013013013014
0.13
0.12987012987012986
