0.5
0.3333333333333333
0.25
0.2
0.16666666666666666
0.14285714285714285
0.25
0.2222222222222222
0.2
0.18181818181818182
0.25
0.3076923076923077
0.2857142857142857
0.26666666666666666
0.25
0.29411764705882354
0.2777777777777778
0.2631578947368421
0.25
0.23809523809523808
0.22727272727272727
0.21739130434782608
0.25
0.24
0.23076923076923078
0.25925925925925924
0.25
0.2413793103448276
0.26666666666666666
0.25806451612903225
0.25
0.24242424242424243
0.23529411764705882
0.22857142857142856
0.2222222222222222
0.21621621621621623
0.23684210526315788
0.23076923076923078
0.225
0.21951219512195122
0.21428571428571427
0.20930232558139536
0.20454545454545456
0.2
0.21739130434782608
0.23404255319148937
0.22916666666666666
0.22448979591836735
0.24
0.23529411764705882
0.23076923076923078
0.22641509433962265
0.2222222222222222
0.21818181818181817
0.21428571428571427
0.21052631578947367
0.20689655172413793
0.2033898305084746
0.21666666666666667
0.22950819672131148
0.22580645161290322
0.2222222222222222
0.21875
0.2153846153846154
0.22727272727272727
0.22388059701492538
0.23529411764705882
0.2318840579710145
0.22857142857142856
0.22535211267605634
0.2222222222222222
0.2191780821917808
0.21621621621621623
0.21333333333333335
0.21052631578947367
0.2077922077922078
0.20512820512820512
0.20253164556962025
0.2
0.19753086419753085
0.1951219512195122
0.1927710843373494
0.19047619047619047
0.18823529411764706
0.19767441860465115
0.19540229885057472
0.19318181818181818
0.19101123595505617
0.2
0.1978021978021978
0.1956521739130435
0.1935483870967742
0.19148936170212766
0.2
0.19791666666666666
0.1958762886597938
0.19387755102040816
0.1919191919191919
0.2
0.19801980198019803
0.20588235294117646
0.20388349514563106
0.21153846153846154
0.20952380952380953
0.20754716981132076
0.205607476635514
0.21296296296296297
0.21100917431192662
0.20909090909090908
0.2072072072072072
0.20535714285714285
0.21238938053097345
0.21052631578947367
0.20869565217391303
0.20689655172413793
0.20512820512820512
0.2033898305084746
0.21008403361344538
0.20833333333333334
0.21487603305785125
0.21311475409836064
0.21138211382113822
0.20967741935483872
0.216
0.21428571428571427
0.2125984251968504
0.2109375
0.20930232558139536
0.2076923076923077
0.21374045801526717
0.2196969696969697
0.21804511278195488
0.21641791044776118
0.2222222222222222
0.22058823529411764
0.21897810218978103
0.21739130434782608
0.2158273381294964
0.21428571428571427
0.2127659574468085
0.21830985915492956
0.22377622377622378
0.2222222222222222
0.2206896551724138
0.2191780821917808
0.21768707482993196
0.21621621621621623
0.2214765100671141
0.22
0.2185430463576159
0.21710526315789475
0.21568627450980393
0.21428571428571427
0.2129032258064516
0.21153846153846154
0.21019108280254778
0.2088607594936709
0.20754716981132076
0.20625
0.20496894409937888
0.2037037037037037
0.20245398773006135
0.20121951219512196
0.2
0.19879518072289157
0.19760479041916168
0.19642857142857142
0.1952662721893491
0.19411764705882353
0.19298245614035087
0.19186046511627908
0.19653179190751446
0.19540229885057472
0.19428571428571428
0.19886363636363635
0.1977401129943503
0.20224719101123595
0.2011173184357542
0.2
0.19889502762430938
0.1978021978021978
0.19672131147540983
0.1956521739130435
0.2
0.1989247311827957
0.19786096256684493
0.20212765957446807
0.20105820105820105
0.2
0.19895287958115182
0.19791666666666666
0.19689119170984457
0.1958762886597938
0.19487179487179487
0.19387755102040816
0.19289340101522842
0.1919191919191919
0.19597989949748743
0.195
0.19402985074626866
0.19306930693069307
0.1921182266009852
0.19117647058823528
0.1902439024390244
0.18932038834951456
0.18840579710144928
0.1875
0.18660287081339713
0.18571428571428572
0.1848341232227488
0.18396226415094338
0.18309859154929578
0.1822429906542056
0.1813953488372093
0.18055555555555555
0.17972350230414746
0.17889908256880735
0.1780821917808219
0.17727272727272728
0.17647058823529413
0.18018018018018017
0.17937219730941703
0.17857142857142858
0.17777777777777778
0.17699115044247787
0.1762114537444934
0.17543859649122806
0.17467248908296942
0.17391304347826086
0.17316017316017315
0.1724137931034483
0.17167381974248927
0.17094017094017094
0.1702127659574468
0.1694915254237288
0.16877637130801687
0.1722689075630252
0.17154811715481172
0.17083333333333334
0.17427385892116182
0.17355371900826447
0.1728395061728395
0.1721311475409836
0.17142857142857143
0.17479674796747968
0.17408906882591094
0.17338709677419356
0.17269076305220885
0.172
0.17131474103585656
0.17063492063492064
0.16996047430830039
0.16929133858267717
0.16862745098039217
0.16796875
0.16731517509727625
0.16666666666666666
0.16602316602316602
0.16538461538461538
0.16475095785440613
0.16412213740458015
0.1634980988593156
0.16287878787878787
0.16226415094339622
0.16165413533834586
0.16104868913857678
0.16044776119402984
0.15985130111524162
0.15925925925925927
0.15867158671586715
0.15808823529411764
0.1575091575091575
0.15693430656934307
0.15636363636363637
0.15579710144927536
0.1552346570397112
0.15827338129496402
0.15770609318996415
0.15714285714285714
0.15658362989323843
0.15602836879432624
0.15547703180212014
0.15492957746478872
0.1543859649122807
0.15734265734265734
0.156794425087108
0.15625
0.15570934256055363
0.15517241379310345
0.15463917525773196
0.1541095890410959
0.15699658703071673
0.1598639455782313
0.16271186440677965
0.16216216216216217
0.16161616161616163
0.1610738255033557
0.1605351170568562
0.16
0.16279069767441862
0.16225165562913907
0.1617161716171617
0.1611842105263158
0.16065573770491803
0.16013071895424835
0.15960912052117263
0.1590909090909091
0.15857605177993528
0.15806451612903225
0.1607717041800643
0.16025641025641027
0.1597444089456869
0.1592356687898089
0.15873015873015872
0.15822784810126583
0.15772870662460567
0.15723270440251572
0.15673981191222572
0.15625
0.1557632398753894
0.15527950310559005
0.15789473684210525
0.1574074074074074
0.16
0.15950920245398773
0.15902140672782875
0.15853658536585366
0.1580547112462006
0.15757575757575756
0.15709969788519637
0.1566265060240964
0.15615615615615616
0.15568862275449102
0.15522388059701492
0.15476190476190477
0.1543026706231454
0.15384615384615385
0.15339233038348082
0.15294117647058825
0.15249266862170088
0.15204678362573099
0.15160349854227406
0.1511627906976744
0.15072463768115943
0.1531791907514451
0.15273775216138327
0.15229885057471265
0.1518624641833811
0.15428571428571428
0.15384615384615385
0.1534090909090909
0.1529745042492918
0.15254237288135594
0.15211267605633802
0.15168539325842698
0.15126050420168066
0.15083798882681565
0.15041782729805014
0.15
0.14958448753462603
0.15193370165745856
0.15151515151515152
0.1510989010989011
0.1506849315068493
0.15027322404371585
0.14986376021798364
0.14945652173913043
0.14905149051490515
0.14864864864864866
0.14824797843665768
0.1478494623655914
0.14745308310991956
0.14705882352941177
0.14666666666666667
0.14627659574468085
0.14588859416445624
0.1455026455026455
0.14511873350923482
0.14736842105263157
0.14960629921259844
0.14921465968586387
0.14882506527415143
0.1484375
0.14805194805194805
0.14766839378238342
0.14728682170542637
0.14690721649484537
0.14652956298200515
0.14615384615384616
0.14578005115089515
0.14540816326530612
0.1475826972010178
0.14720812182741116
0.1468354430379747
0.14646464646464646
0.14609571788413098
0.1457286432160804
0.14536340852130325
0.145
0.14463840399002495
0.14427860696517414
0.14392059553349876
0.14603960396039603
0.14814814814814814
0.1477832512315271
0.14742014742014742
0.14705882352941177
0.1466992665036675
0.14634146341463414
0.145985401459854
0.14563106796116504
0.14527845036319612
0.14492753623188406
0.14457831325301204
0.14423076923076922
0.14388489208633093
0.145933014354067
0.14558472553699284
0.14523809523809525
0.14726840855106887
0.14691943127962084
0.14657210401891252
0.14622641509433962
0.14588235294117646
0.14553990610328638
0.1451990632318501
0.14485981308411214
0.14685314685314685
0.14651162790697675
0.14617169373549885
0.14583333333333334
0.14549653579676675
0.14516129032258066
0.14482758620689656
0.1444954128440367
0.14416475972540047
0.14383561643835616
0.14350797266514806
0.1431818181818182
0.14512471655328799
0.14479638009049775
0.14446952595936793
0.14414414414414414
0.14606741573033707
0.14573991031390135
0.14541387024608501
0.14508928571428573
0.1447661469933185
0.14444444444444443
0.14412416851441243
0.14380530973451328
0.1456953642384106
0.14537444933920704
0.14505494505494507
0.14473684210526316
0.14442013129102846
0.14410480349344978
0.1437908496732026
0.14347826086956522
0.14316702819956617
0.14285714285714285
0.14254859611231102
0.14224137931034483
0.14193548387096774
0.14163090128755365
0.14132762312633834
0.14102564102564102
0.14072494669509594
0.14042553191489363
0.14225053078556263
0.1419491525423729
0.14376321353065538
0.14345991561181434
0.1431578947368421
0.14285714285714285
0.14255765199161424
0.14225941422594143
0.1419624217118998
0.14166666666666666
0.14137214137214138
0.14107883817427386
0.14078674948240166
0.14049586776859505
0.1402061855670103
0.13991769547325103
0.13963039014373715
0.13934426229508196
0.1390593047034765
0.13877551020408163
0.1384928716904277
0.13821138211382114
0.13995943204868155
0.1396761133603239
0.1393939393939394
0.13911290322580644
0.13883299798792756
0.13855421686746988
0.13827655310621242
0.138
0.1377245508982036
0.13745019920318724
0.13717693836978131
0.13690476190476192
0.13663366336633664
0.13636363636363635
0.13609467455621302
0.13582677165354332
0.13555992141453832
0.13529411764705881
0.1350293542074364
0.134765625
0.13450292397660818
0.13424124513618677
0.13592233009708737
0.13565891472868216
0.13539651837524178
0.13513513513513514
0.1348747591522158
0.1346153846153846
0.1343570057581574
0.13409961685823754
0.1338432122370937
0.13358778625954199
0.13333333333333333
0.13307984790874525
0.13282732447817835
0.13257575757575757
0.1323251417769376
0.1320754716981132
0.1318267419962335
0.13157894736842105
0.13133208255159476
0.13108614232209737
0.1308411214953271
0.13059701492537312
0.1303538175046555
0.13011152416356878
0.12987012987012986
0.12962962962962962
0.12939001848428835
0.12915129151291513
0.1289134438305709
0.12867647058823528
0.12844036697247707
0.1282051282051282
0.12797074954296161
0.12773722627737227
0.12750455373406194
0.1290909090909091
0.12885662431941924
0.1286231884057971
0.12839059674502712
0.12815884476534295
0.12972972972972974
0.12949640287769784
0.12926391382405744
0.12903225806451613
0.12880143112701253
0.12857142857142856
0.13012477718360071
0.1298932384341637
0.12966252220248667
0.12943262411347517
0.12920353982300886
0.12897526501766785
0.12874779541446207
0.12852112676056338
0.1282952548330404
0.1280701754385965
0.12784588441331
0.12762237762237763
0.1273996509598604
0.12717770034843207
0.12695652173913044
0.1267361111111111
0.1265164644714038
0.12629757785467127
0.12607944732297063
0.12586206896551724
0.12564543889845095
0.1254295532646048
0.12521440823327615
0.125
0.12478632478632479
0.12457337883959044
0.12436115843270869
0.12414965986394558
0.12393887945670629
0.12372881355932204
0.12351945854483926
0.12331081081081081
0.12478920741989882
0.12457912457912458
0.12436974789915967
0.12416107382550336
0.12395309882747069
0.12374581939799331
0.12353923205342238
0.12333333333333334
0.12312811980033278
0.12292358803986711
0.12437810945273632
0.12582781456953643
0.1256198347107438
0.1254125412541254
0.12520593080724876
0.125
0.12479474548440066
0.12459016393442623
0.12438625204582651
0.12418300653594772
0.12398042414355628
0.1237785016286645
0.12357723577235773
0.125
0.12479740680713128
0.12459546925566344
0.12439418416801293
0.12419354838709677
0.12399355877616747
0.12379421221864952
0.12359550561797752
0.1233974358974359
0.1232
0.12300319488817892
0.12280701754385964
0.12261146496815287
0.12241653418124006
0.12380952380952381
0.12519809825673534
0.125
0.12480252764612954
0.12618296529968454
0.12598425196850394
0.12578616352201258
0.12558869701726844
0.12695924764890282
0.1267605633802817
0.1265625
0.12636505460218408
0.1261682242990654
0.12597200622083982
0.12577639751552794
0.12558139534883722
0.12538699690402477
0.125193199381762
0.125
0.12480739599383667
0.12461538461538461
0.12442396313364056
0.12576687116564417
0.12557427258805512
0.12538226299694188
0.1251908396946565
0.125
0.1248097412480974
0.12462006079027356
0.1244309559939302
0.12424242424242424
0.12405446293494705
0.12386706948640483
0.12368024132730016
0.12349397590361445
0.12330827067669173
0.12312312312312312
0.12293853073463268
0.12425149700598802
0.12406576980568013
0.12388059701492538
0.12369597615499255
0.12351190476190477
0.12332838038632987
0.12314540059347182
0.12296296296296297
0.1227810650887574
0.12259970457902511
0.1224188790560472
0.12223858615611193
0.12205882352941176
0.12187958883994127
0.12316715542521994
0.12298682284040996
0.12280701754385964
0.12262773722627737
0.12244897959183673
0.1222707423580786
0.12209302325581395
0.12191582002902758
0.12173913043478261
0.12156295224312591
0.12283236994219653
0.12265512265512266
0.12247838616714697
0.1223021582733813
0.1221264367816092
0.12195121951219512
0.12177650429799428
0.12160228898426323
0.12142857142857143
0.12125534950071326
0.12108262108262108
0.12091038406827881
0.12073863636363637
0.12056737588652482
0.12039660056657224
0.12022630834512023
0.12005649717514125
0.11988716502115655
0.11971830985915492
0.11954992967651196
0.11938202247191011
0.11921458625525946
0.11904761904761904
0.11888111888111888
0.11871508379888268
0.11854951185495119
0.11838440111420613
0.11821974965229486
0.11805555555555555
0.11789181692094314
0.11911357340720222
0.11894882434301521
0.11878453038674033
0.11862068965517242
0.11983471074380166
0.11966987620357634
0.11950549450549451
0.11934156378600823
0.11917808219178082
0.11901504787961696
0.12021857923497267
0.12141882673942701
0.12125340599455041
0.12108843537414966
0.12092391304347826
0.12075983717774763
0.12059620596205962
0.12043301759133965
0.12027027027027028
0.12010796221322537
0.11994609164420485
0.11978465679676985
0.1196236559139785
0.11946308724832215
0.1193029490616622
0.11914323962516733
0.11898395721925134
0.11882510013351134
0.11866666666666667
0.118508655126498
0.1196808510638298
0.11952191235059761
0.11936339522546419
0.11920529801324503
0.11904761904761904
0.11889035667107001
0.11873350923482849
0.11857707509881422
0.11842105263157894
0.11826544021024968
0.11811023622047244
0.11795543905635648
0.11780104712041885
0.11764705882352941
0.1174934725848564
0.11734028683181226
0.1171875
0.11703511053315994
0.11818181818181818
0.11802853437094682
0.11787564766839378
0.11772315653298836
0.11757105943152454
0.11741935483870967
0.1172680412371134
0.11711711711711711
0.11696658097686376
0.11810012836970475
0.11794871794871795
0.117797695262484
0.11764705882352941
0.11749680715197956
0.11734693877551021
0.11719745222929936
0.11704834605597965
0.11689961880559085
0.116751269035533
0.11660329531051965
0.11645569620253164
0.11630847029077118
0.11616161616161616
0.11601513240857503
0.11586901763224182
0.11572327044025157
0.11683417085427136
0.11668757841907151
0.11654135338345864
0.11639549436795996
0.11625
0.11610486891385768
0.11596009975062344
0.11581569115815692
0.11567164179104478
0.115527950310559
0.11538461538461539
0.11524163568773234
0.1150990099009901
0.11495673671199011
0.11481481481481481
0.11467324290998766
0.1145320197044335
0.11439114391143912
0.11425061425061425
0.11411042944785275
0.11397058823529412
0.11383108935128519
0.1136919315403423
0.11355311355311355
0.11341463414634147
0.11327649208282582
0.11313868613138686
0.11300121506682867
0.11286407766990292
0.11272727272727273
0.11259079903147699
0.1124546553808948
0.11231884057971014
0.11218335343787696
0.11204819277108434
0.11191335740072202
0.11177884615384616
0.11164465786314526
0.11151079136690648
0.11137724550898204
0.11124401913875598
0.1111111111111111
0.11097852028639618
0.11084624553039332
0.11071428571428571
0.11058263971462545
0.11045130641330166
0.1103202846975089
0.11137440758293839
0.11124260355029586
0.1111111111111111
0.11097992916174734
0.11084905660377359
0.11071849234393404
0.11058823529411765
0.11045828437132785
0.11032863849765258
0.11019929660023446
0.11007025761124122
0.10994152046783626
0.10981308411214953
0.10968494749124855
0.10955710955710955
0.10942956926658906
0.11046511627906977
0.11033681765389082
0.11020881670533643
0.1100811123986095
0.1099537037037037
0.10982658959537572
0.10969976905311778
0.10957324106113034
0.10944700460829493
0.1093210586881473
0.10919540229885058
0.10907003444316878
0.11009174311926606
0.10996563573883161
0.10983981693363844
0.10971428571428571
0.1095890410958904
0.10946408209806158
0.10933940774487472
0.10921501706484642
0.10909090909090909
0.10896708286038592
0.10884353741496598
0.1087202718006795
0.10972850678733032
0.1096045197740113
0.10948081264108352
0.10935738444193913
0.10923423423423423
0.10911136107986502
0.10898876404494381
0.10886644219977554
0.10874439461883408
0.10862262038073908
0.10961968680089486
0.10949720670391061
0.109375
0.10925306577480491
0.1091314031180401
0.10901001112347053
0.10888888888888888
0.10876803551609324
0.10864745011086474
0.10852713178294573
0.1084070796460177
0.10828729281767956
0.10816777041942605
0.10804851157662625
0.10792951541850221
0.1078107810781078
0.1076923076923077
0.10757409440175632
0.10855263157894737
0.10843373493975904
0.10831509846827134
0.10819672131147541
0.10807860262008734
0.10905125408942203
0.10893246187363835
0.1088139281828074
0.10869565217391304
0.10857763300760044
0.10954446854663774
0.1094257854821235
0.10930735930735931
0.10918918918918918
0.1101511879049676
0.11003236245954692
0.10991379310344827
0.10979547900968784
0.10967741935483871
0.10955961331901182
0.11051502145922747
0.11039657020364416
0.11027837259100642
0.11016042780748662
0.11004273504273504
0.10992529348986126
0.10980810234541578
0.10969116080937168
0.10957446808510639
0.10945802337938364
0.10934182590233546
0.10922587486744433
0.10911016949152542
0.10899470899470899
0.10887949260042283
0.10876451953537487
0.10864978902953587
0.10853530031612224
0.10842105263157895
0.10830704521556257
0.10819327731092437
0.1080797481636936
0.10796645702306079
0.10785340314136126
0.10774058577405858
0.10867293625914315
0.10855949895615867
0.10844629822732013
0.10833333333333334
0.10822060353798127
0.10810810810810811
0.10799584631360332
0.1078838174273859
0.1077720207253886
0.10766045548654245
0.10754912099276112
0.10743801652892562
0.10732714138286893
0.10721649484536082
0.10710607621009269
0.10699588477366255
0.10688591983556012
0.10677618069815195
0.10666666666666667
0.10655737704918032
0.10644831115660185
0.10633946830265849
0.1062308478038815
0.10612244897959183
0.10601427115188583
0.10692464358452139
0.10681586978636826
0.10670731707317073
0.1065989847715736
0.10649087221095335
0.10638297872340426
0.1062753036437247
0.10616784630940344
0.10606060606060606
0.10595358224016145
0.10584677419354839
0.10574018126888217
0.1056338028169014
0.10552763819095477
0.10542168674698796
0.10531594784353059
0.10521042084168336
0.10510510510510511
0.105
0.1048951048951049
