0.5
0.3333333333333333
0.5
0.4
0.5
0.42857142857142855
0.5
0.4444444444444444
0.4
0.36363636363636365
0.3333333333333333
0.3076923076923077
0.35714285714285715
0.3333333333333333
0.375
0.35294117647058826
0.3333333333333333
0.3157894736842105
0.3
0.3333333333333333
0.3181818181818182
0.30434782608695654
0.2916666666666667
0.28
0.2692307692307692
0.25925925925925924
0.25
0.2413793103448276
0.23333333333333334
0.22580645161290322
0.21875
0.24242424242424243
0.2647058823529412
0.2857142857142857
0.3055555555555556
0.2972972972972973
0.2894736842105263
0.28205128205128205
0.275
0.2682926829268293
0.2857142857142857
0.27906976744186046
0.2727272727272727
0.26666666666666666
0.2608695652173913
0.2553191489361702
0.2708333333333333
0.2653061224489796
0.26
0.2549019607843137
0.25
0.24528301886792453
0.24074074074074073
0.23636363636363636
0.23214285714285715
0.22807017543859648
0.22413793103448276
0.22033898305084745
0.21666666666666667
0.22950819672131148
0.24193548387096775
0.23809523809523808
0.234375
0.23076923076923078
0.22727272727272727
0.22388059701492538
0.23529411764705882
0.2318840579710145
0.22857142857142856
0.22535211267605634
0.2222222222222222
0.2328767123287671
0.22972972972972974
0.22666666666666666
0.2236842105263158
0.23376623376623376
0.23076923076923078
0.22784810126582278
0.225
0.2222222222222222
0.21951219512195122
0.21686746987951808
0.21428571428571427
0.21176470588235294
0.20930232558139536
0.20689655172413793
0.20454545454545456
0.20224719101123595
0.2111111111111111
0.2087912087912088
0.21739130434782608
0.21505376344086022
0.2127659574468085
0.21052631578947367
0.20833333333333334
0.20618556701030927
0.21428571428571427
0.21212121212121213
0.21
0.2079207920792079
0.20588235294117646
0.20388349514563106
0.20192307692307693
0.2
0.19811320754716982
0.19626168224299065
0.19444444444444445
0.1926605504587156
0.19090909090909092
0.1891891891891892
0.1875
0.19469026548672566
0.19298245614035087
0.19130434782608696
0.19827586206896552
0.19658119658119658
0.19491525423728814
0.19327731092436976
0.19166666666666668
0.19008264462809918
0.1885245901639344
0.18699186991869918
0.18548387096774194
0.192
0.1984126984126984
0.1968503937007874
0.1953125
0.1937984496124031
0.19230769230769232
0.19083969465648856
0.1893939393939394
0.19548872180451127
0.19402985074626866
0.2
0.19852941176470587
0.20437956204379562
0.2028985507246377
0.2014388489208633
0.2
0.19858156028368795
0.19718309859154928
0.1958041958041958
0.19444444444444445
0.19310344827586207
0.1917808219178082
0.19727891156462585
0.19594594594594594
0.19463087248322147
0.19333333333333333
0.19205298013245034
0.19078947368421054
0.1895424836601307
0.18831168831168832
0.1870967741935484
0.1858974358974359
0.18471337579617833
0.18354430379746836
0.18238993710691823
0.18125
0.18012422360248448
0.17901234567901234
0.18404907975460122
0.18902439024390244
0.18787878787878787
0.18674698795180722
0.18562874251497005
0.18452380952380953
0.1834319526627219
0.18235294117647058
0.18128654970760233
0.18023255813953487
0.1791907514450867
0.1781609195402299
0.18285714285714286
0.18181818181818182
0.1807909604519774
0.1797752808988764
0.1787709497206704
0.17777777777777778
0.17679558011049723
0.17582417582417584
0.17486338797814208
0.1793478260869565
0.1783783783783784
0.1774193548387097
0.17647058823529413
0.17553191489361702
0.1746031746031746
0.1736842105263158
0.17277486910994763
0.17708333333333334
0.18134715025906736
0.18041237113402062
0.1794871794871795
0.17857142857142858
0.17766497461928935
0.17676767676767677
0.17587939698492464
0.175
0.17412935323383086
0.17326732673267325
0.1724137931034483
0.1715686274509804
0.17073170731707318
0.16990291262135923
0.16908212560386474
0.16826923076923078
0.1674641148325359
0.16666666666666666
0.17061611374407584
0.16981132075471697
0.17370892018779344
0.17289719626168223
0.17209302325581396
0.1712962962962963
0.17050691244239632
0.16972477064220184
0.1689497716894977
0.16818181818181818
0.167420814479638
0.16666666666666666
0.16591928251121077
0.16517857142857142
0.16444444444444445
0.168141592920354
0.17180616740088106
0.17105263157894737
0.17467248908296942
0.1782608695652174
0.1774891774891775
0.17672413793103448
0.1759656652360515
0.1752136752136752
0.17446808510638298
0.17372881355932204
0.1729957805907173
0.17647058823529413
0.17573221757322174
0.175
0.17427385892116182
0.17355371900826447
0.1728395061728395
0.1721311475409836
0.17551020408163265
0.17479674796747968
0.17408906882591094
0.17338709677419356
0.17269076305220885
0.172
0.17131474103585656
0.17063492063492064
0.16996047430830039
0.1732283464566929
0.17254901960784313
0.171875
0.17120622568093385
0.17054263565891473
0.16988416988416988
0.16923076923076924
0.1685823754789272
0.16793893129770993
0.16730038022813687
0.16666666666666666
0.1660377358490566
0.16541353383458646
0.1647940074906367
0.16417910447761194
0.16356877323420074
0.16296296296296298
0.16236162361623616
0.16176470588235295
0.16117216117216118
0.16058394160583941
0.16363636363636364
0.16304347826086957
0.1624548736462094
0.1618705035971223
0.16129032258064516
0.16428571428571428
0.16370106761565836
0.16312056737588654
0.1625441696113074
0.1619718309859155
0.16140350877192983
0.16433566433566432
0.16376306620209058
0.16319444444444445
0.16262975778546712
0.16206896551724137
0.16151202749140894
0.16095890410958905
0.16040955631399317
0.1598639455782313
0.15932203389830507
0.16216216216216217
0.16161616161616163
0.1610738255033557
0.1605351170568562
0.16
0.15946843853820597
0.15894039735099338
0.15841584158415842
0.15789473684210525
0.15737704918032788
0.1568627450980392
0.1563517915309446
0.15584415584415584
0.1553398058252427
0.15483870967741936
0.15434083601286175
0.15384615384615385
0.15335463258785942
0.15286624203821655
0.1523809523809524
0.1518987341772152
0.15141955835962145
0.1509433962264151
0.15047021943573669
0.15
0.14953271028037382
0.14906832298136646
0.15170278637770898
0.15123456790123457
0.15076923076923077
0.15030674846625766
0.14984709480122324
0.14939024390243902
0.14893617021276595
0.1484848484848485
0.14803625377643503
0.14759036144578314
0.14714714714714713
0.1467065868263473
0.14626865671641792
0.14583333333333334
0.14540059347181009
0.14497041420118342
0.14454277286135694
0.14411764705882352
0.1436950146627566
0.14327485380116958
0.14285714285714285
0.14244186046511628
0.14202898550724638
0.1416184971098266
0.14121037463976946
0.14367816091954022
0.14326647564469913
0.14285714285714285
0.14245014245014245
0.14204545454545456
0.141643059490085
0.14124293785310735
0.14084507042253522
0.1404494382022472
0.1400560224089636
0.1424581005586592
0.14484679665738162
0.14444444444444443
0.1440443213296399
0.143646408839779
0.14600550964187328
0.14560439560439561
0.14520547945205478
0.1448087431693989
0.1444141689373297
0.14402173913043478
0.14634146341463414
0.14594594594594595
0.14555256064690028
0.14516129032258066
0.1447721179624665
0.1443850267379679
0.144
0.14361702127659576
0.14323607427055704
0.14285714285714285
0.1424802110817942
0.14210526315789473
0.14435695538057744
0.14397905759162305
0.14360313315926893
0.14322916666666666
0.14285714285714285
0.14248704663212436
0.14470284237726097
0.14432989690721648
0.14395886889460155
0.14358974358974358
0.1432225063938619
0.14285714285714285
0.14249363867684478
0.1446700507614213
0.14430379746835442
0.14393939393939395
0.14357682619647355
0.14321608040201006
0.14285714285714285
0.1425
0.14463840399002495
0.14427860696517414
0.14392059553349876
0.14356435643564355
0.14320987654320988
0.14285714285714285
0.14250614250614252
0.14215686274509803
0.14180929095354522
0.14146341463414633
0.1411192214111922
0.1407766990291262
0.14043583535108958
0.14009661835748793
0.13975903614457832
0.13942307692307693
0.13908872901678657
0.13875598086124402
0.13842482100238662
0.1380952380952381
0.1377672209026128
0.13744075829383887
0.13711583924349882
0.13679245283018868
0.13647058823529412
0.13615023474178403
0.1358313817330211
0.13551401869158877
0.1351981351981352
0.13488372093023257
0.1345707656612529
0.13425925925925927
0.13394919168591224
0.1336405529953917
0.13333333333333333
0.13302752293577982
0.13272311212814644
0.1324200913242009
0.13211845102505695
0.1318181818181818
0.13378684807256236
0.1334841628959276
0.13318284424379231
0.13288288288288289
0.13258426966292136
0.13228699551569506
0.1319910514541387
0.13169642857142858
0.13140311804008908
0.13111111111111112
0.13082039911308205
0.13053097345132744
0.13024282560706402
0.13215859030837004
0.13186813186813187
0.13157894736842105
0.13129102844638948
0.13100436681222707
0.13071895424836602
0.13043478260869565
0.1301518438177874
0.12987012987012986
0.12958963282937366
0.12931034482758622
0.12903225806451613
0.12875536480686695
0.1284796573875803
0.1282051282051282
0.1279317697228145
0.1276595744680851
0.12738853503184713
0.1271186440677966
0.12684989429175475
0.12658227848101267
0.12631578947368421
0.12605042016806722
0.12578616352201258
0.12552301255230125
0.12526096033402923
0.125
0.12681912681912683
0.12655601659751037
0.12629399585921325
0.128099173553719
0.12783505154639174
0.12757201646090535
0.1273100616016427
0.12704918032786885
0.12678936605316973
0.12653061224489795
0.12627291242362526
0.12601626016260162
0.1257606490872211
0.12550607287449392
0.12525252525252525
0.125
0.12474849094567404
0.12650602409638553
0.12625250501002003
0.126
0.12574850299401197
0.1254980079681275
0.12524850894632206
0.125
0.12475247524752475
0.12450592885375494
0.1242603550295858
0.12401574803149606
0.1237721021611002
0.12352941176470589
0.1232876712328767
0.125
0.12475633528265107
0.1245136186770428
0.12427184466019417
0.12403100775193798
0.12379110251450677
0.12355212355212356
0.1233140655105973
0.125
0.12476007677543186
0.12452107279693486
0.124282982791587
0.12404580152671756
0.12571428571428572
0.12547528517110265
0.1252371916508539
0.125
0.12476370510396975
0.12452830188679245
0.12429378531073447
0.12406015037593984
0.12382739212007504
0.12359550561797752
0.1233644859813084
0.12313432835820895
0.12290502793296089
0.12267657992565056
0.12430426716141002
0.12407407407407407
0.12384473197781885
0.12361623616236163
0.12338858195211787
0.12316176470588236
0.12293577981651377
0.1227106227106227
0.12248628884826325
0.12226277372262774
0.122040072859745
0.12181818181818181
0.12159709618874773
0.1213768115942029
0.12115732368896925
0.12274368231046931
0.12252252252252252
0.1223021582733813
0.12208258527827648
0.12186379928315412
0.12164579606440072
0.12142857142857143
0.12121212121212122
0.12099644128113879
0.12078152753108348
0.12056737588652482
0.12035398230088495
0.12014134275618374
0.11992945326278659
0.11971830985915492
0.1195079086115993
0.11929824561403508
0.12084063047285463
0.12062937062937062
0.12041884816753927
0.12020905923344948
0.12
0.11979166666666667
0.12131715771230503
0.12110726643598616
0.12089810017271158
0.1206896551724138
0.12048192771084337
0.12027491408934708
0.12006861063464837
0.11986301369863013
0.11965811965811966
0.11945392491467577
0.11925042589437819
0.11904761904761904
0.11884550084889643
0.11864406779661017
0.11844331641285956
0.11824324324324324
0.11804384485666104
0.11784511784511785
0.11764705882352941
0.1174496644295302
0.11725293132328309
0.11705685618729098
0.11853088480801335
0.11833333333333333
0.11813643926788686
0.11794019933554817
0.11774461028192372
0.11754966887417219
0.11735537190082644
0.1188118811881188
0.1186161449752883
0.11842105263157894
0.11822660098522167
0.1180327868852459
0.11783960720130933
0.11764705882352941
0.11745513866231648
0.11726384364820847
0.11707317073170732
0.11688311688311688
0.1166936790923825
0.11650485436893204
0.11631663974151858
0.11612903225806452
0.11755233494363929
0.1189710610932476
0.1187800963081862
0.11858974358974358
0.1184
0.1182108626198083
0.11802232854864433
0.1178343949044586
0.11764705882352941
0.11904761904761904
0.11885895404120443
0.11867088607594936
0.12006319115323855
0.11987381703470032
0.11968503937007874
0.11949685534591195
0.11930926216640503
0.1206896551724138
0.12050078247261346
0.1203125
0.12012480499219969
0.11993769470404984
0.11975116640746501
0.11956521739130435
0.11937984496124031
0.11919504643962849
0.11901081916537867
0.11882716049382716
0.11864406779661017
0.11846153846153847
0.11827956989247312
0.11809815950920245
0.11791730474732007
0.11773700305810397
0.11755725190839694
0.1173780487804878
0.1171993911719939
0.11702127659574468
0.11684370257966616
0.11666666666666667
0.11649016641452345
0.1163141993957704
0.11613876319758673
0.11596385542168675
0.11578947368421053
0.11561561561561562
0.11544227886056972
0.11526946107784432
0.11509715994020926
0.11492537313432835
0.11475409836065574
0.11458333333333333
0.11589895988112928
0.11572700296735905
0.11555555555555555
0.11538461538461539
0.11521418020679468
0.11504424778761062
0.11487481590574374
0.11470588235294117
0.1145374449339207
0.11436950146627566
0.11420204978038068
0.11403508771929824
0.11386861313868613
0.11370262390670553
0.11353711790393013
0.11337209302325581
0.11465892597968069
0.1144927536231884
0.11577424023154848
0.11705202312138728
0.11688311688311688
0.11671469740634005
0.11654676258992806
0.11637931034482758
0.11621233859397417
0.11604584527220631
0.11587982832618025
0.11571428571428571
0.11554921540656206
0.11538461538461539
0.11522048364153627
0.11505681818181818
0.1148936170212766
0.11473087818696884
0.11598302687411598
0.11581920903954802
0.1156558533145275
0.11549295774647887
0.11533052039381153
0.1151685393258427
0.11640953716690042
0.11624649859943978
0.11608391608391608
0.11592178770949721
0.11576011157601115
0.116991643454039
0.1168289290681502
0.11666666666666667
0.11650485436893204
0.11634349030470914
0.11618257261410789
0.11602209944751381
0.11586206896551725
0.11570247933884298
0.1155433287482806
0.11538461538461539
0.11522633744855967
0.11506849315068493
0.11491108071135431
0.11475409836065574
0.1145975443383356
0.11444141689373297
0.11564625850340136
0.11548913043478261
0.11533242876526459
0.11517615176151762
0.11502029769959404
0.11621621621621622
0.11740890688259109
0.11725067385444744
0.11709286675639301
0.11693548387096774
0.11677852348993288
0.11662198391420911
0.11646586345381527
0.1163101604278075
0.11615487316421896
0.116
0.11584553928095873
0.11569148936170212
0.11553784860557768
0.11538461538461539
0.1152317880794702
0.11507936507936507
0.11492734478203434
0.11477572559366754
0.11462450592885376
0.11447368421052631
0.11432325886990802
0.1141732283464567
0.11402359108781127
0.11387434554973822
0.11503267973856209
0.11488250652741515
0.11473272490221642
0.11458333333333333
0.11443433029908973
0.11428571428571428
0.11413748378728923
0.11398963730569948
0.11384217335058215
0.11369509043927649
0.1135483870967742
0.1134020618556701
0.11325611325611326
0.11311053984575835
0.11296534017971759
0.11282051282051282
0.11267605633802817
0.11253196930946291
0.1123882503192848
0.11224489795918367
0.11210191082802548
0.11195928753180662
0.11181702668360864
0.1116751269035533
0.11153358681875793
0.11139240506329114
0.11125158027812895
0.1111111111111111
0.11097099621689786
0.11083123425692695
0.11069182389937107
0.11055276381909548
0.11041405269761606
0.11027568922305764
0.11013767209011265
0.11
0.10986267166042447
0.10972568578553615
0.1095890410958904
0.10945273631840796
0.1093167701863354
0.10918114143920596
0.1090458488228005
0.10891089108910891
0.10877626699629171
0.10864197530864197
0.10850801479654747
0.10837438423645321
0.10824108241082411
0.10810810810810811
0.10797546012269939
0.10784313725490197
0.10771113831089352
0.10757946210268948
0.10744810744810745
0.1073170731707317
0.1071863580998782
0.1070559610705596
0.10692588092345079
0.10679611650485436
0.10666666666666667
0.10653753026634383
0.10640870616686819
0.10628019323671498
0.10615199034981906
0.10722891566265061
0.10709987966305656
0.10697115384615384
0.10684273709483794
0.10671462829736211
0.10658682634730539
0.10645933014354067
0.1063321385902031
0.10620525059665871
0.10607866507747318
0.10595238095238095
0.10582639714625446
0.10570071258907364
0.1055753262158956
0.10545023696682465
0.10532544378698225
0.10520094562647754
0.1050767414403778
0.10613207547169812
0.10600706713780919
0.10705882352941176
0.10693301997649823
0.1068075117370892
0.10668229777256741
0.10655737704918032
0.1064327485380117
0.10630841121495327
0.10618436406067679
0.10606060606060606
0.10593713620488941
0.1058139534883721
0.10569105691056911
0.10556844547563805
0.10544611819235226
0.10532407407407407
0.10520231213872833
0.10508083140877598
0.1061130334486736
0.10599078341013825
0.10586881472957423
0.10689655172413794
0.10677382319173363
0.10665137614678899
0.10652920962199312
0.10640732265446225
0.10628571428571429
0.10616438356164383
0.10604332953249715
0.10592255125284739
0.10580204778156997
0.10568181818181818
0.10556186152099886
0.1054421768707483
0.10532276330690826
0.10520361990950226
0.10508474576271186
0.10496613995485328
0.10484780157835401
0.10472972972972973
0.1046119235095613
0.10449438202247191
0.10437710437710437
0.10426008968609865
0.10414333706606943
0.1040268456375839
0.10391061452513967
0.10379464285714286
0.10367892976588629
0.10356347438752785
0.10344827586206896
0.10333333333333333
0.10321864594894561
0.10310421286031042
0.10299003322259136
0.10287610619469026
0.10276243093922652
0.10264900662251655
0.10253583241455347
0.10242290748898679
0.10231023102310231
0.1021978021978022
0.10208562019758508
0.10197368421052631
0.10186199342825848
0.10175054704595186
0.10163934426229508
0.10152838427947598
0.10141766630316248
0.10130718954248366
0.10119695321001088
0.10108695652173913
0.10097719869706841
0.10086767895878525
0.10075839653304441
0.10064935064935066
0.10054054054054054
0.10043196544276457
0.10032362459546926
0.10021551724137931
0.10010764262648009
0.1
0.09989258861439312
0.09978540772532189
0.09967845659163987
0.09957173447537473
0.09946524064171124
0.09935897435897435
0.09925293489861259
0.09914712153518124
0.10010649627263046
0.1
0.09989373007438895
0.09978768577494693
0.09968186638388123
0.09957627118644068
0.09947089947089947
0.09936575052854123
0.09926082365364308
0.09915611814345991
0.09905163329820864
0.09894736842105263
0.09884332281808622
0.09978991596638656
0.09968520461699895
0.10062893081761007
0.10157068062827225
0.10146443514644352
0.1013584117032393
0.10125260960334029
0.10114702815432743
0.10104166666666667
0.10093652445369407
0.10083160083160084
0.10072689511941849
0.10062240663900415
0.10051813471502591
0.10041407867494824
0.10031023784901758
0.10020661157024793
0.1001031991744066
0.1
0.09989701338825953
0.09979423868312758
0.09969167523124357
0.09958932238193019
0.09948717948717949
0.09938524590163934
0.0992835209825998
0.09918200408997956
0.09908069458631256
0.09897959183673469
0.09887869520897044
0.09877800407331976
0.09867751780264497
0.09857723577235772
0.09847715736040609
0.09837728194726167
0.09827760891590678
0.09817813765182186
0.0980788675429727
0.09797979797979799
0.09788092835519677
0.09778225806451613
0.09768378650553877
0.09758551307847083
0.09748743718592964
0.09738955823293173
0.09729187562688064
0.09719438877755511
0.0980980980980981
0.098
0.0979020979020979
