0.0
0.3333333333333333
0.5
0.6
0.6666666666666666
0.5714285714285714
0.625
0.5555555555555556
0.5
0.5454545454545454
0.5
0.46153846153846156
0.42857142857142855
0.4666666666666667
0.4375
0.4117647058823529
0.3888888888888889
0.3684210526315789
0.4
0.38095238095238093
0.4090909090909091
0.391304347826087
0.375
0.4
0.38461538461538464
0.4074074074074074
0.42857142857142855
0.41379310344827586
0.43333333333333335
0.41935483870967744
0.40625
0.3939393939393939
0.4117647058823529
0.4
0.3888888888888889
0.3783783783783784
0.3684210526315789
0.358974358974359
0.375
0.36585365853658536
0.35714285714285715
0.3488372093023256
0.3409090909090909
0.3333333333333333
0.32608695652173914
0.3191489361702128
0.3125
0.30612244897959184
0.3
0.3137254901960784
0.3076923076923077
0.3018867924528302
0.2962962962962963
0.2909090909090909
0.2857142857142857
0.2807017543859649
0.27586206896551724
0.2711864406779661
0.26666666666666666
0.26229508196721313
0.25806451612903225
0.25396825396825395
0.265625
0.26153846153846155
0.25757575757575757
0.2537313432835821
0.25
0.2608695652173913
0.2571428571428571
0.2535211267605634
0.25
0.2465753424657534
0.24324324324324326
0.24
0.23684210526315788
0.24675324675324675
0.24358974358974358
0.25316455696202533
0.25
0.24691358024691357
0.24390243902439024
0.24096385542168675
0.23809523809523808
0.23529411764705882
0.23255813953488372
0.22988505747126436
0.22727272727272727
0.23595505617977527
0.23333333333333334
0.23076923076923078
0.2391304347826087
0.23655913978494625
0.23404255319148937
0.23157894736842105
0.22916666666666666
0.2268041237113402
0.22448979591836735
0.2222222222222222
0.22
0.21782178217821782
0.21568627450980393
0.21359223300970873
0.21153846153846154
0.20952380952380953
0.20754716981132076
0.205607476635514
0.2037037037037037
0.2018348623853211
0.20909090909090908
0.21621621621621623
0.21428571428571427
0.22123893805309736
0.21929824561403508
0.21739130434782608
0.21551724137931033
0.21367521367521367
0.211864406779661
0.21008403361344538
0.20833333333333334
0.2066115702479339
0.20491803278688525
0.2032520325203252
0.20161290322580644
0.2
0.1984126984126984
0.1968503937007874
0.1953125
0.1937984496124031
0.19230769230769232
0.19083969465648856
0.1893939393939394
0.18796992481203006
0.19402985074626866
0.1925925925925926
0.19117647058823528
0.1897810218978102
0.18840579710144928
0.18705035971223022
0.18571428571428572
0.18439716312056736
0.18309859154929578
0.18181818181818182
0.18055555555555555
0.1793103448275862
0.1780821917808219
0.17687074829931973
0.17567567567567569
0.174496644295302
0.17333333333333334
0.17218543046357615
0.17105263157894737
0.16993464052287582
0.17532467532467533
0.17419354838709677
0.17307692307692307
0.17197452229299362
0.17088607594936708
0.16981132075471697
0.16875
0.16770186335403728
0.16666666666666666
0.1656441717791411
0.16463414634146342
0.16363636363636364
0.16265060240963855
0.16167664670658682
0.16666666666666666
0.16568047337278108
0.16470588235294117
0.16374269005847952
0.16279069767441862
0.1676300578034682
0.16666666666666666
0.1657142857142857
0.16477272727272727
0.1638418079096045
0.16292134831460675
0.16201117318435754
0.16111111111111112
0.16022099447513813
0.15934065934065933
0.15846994535519127
0.15760869565217392
0.16216216216216217
0.16129032258064516
0.1657754010695187
0.16489361702127658
0.164021164021164
0.1631578947368421
0.16230366492146597
0.16666666666666666
0.16580310880829016
0.16494845360824742
0.1641025641025641
0.16326530612244897
0.16243654822335024
0.16161616161616163
0.1658291457286432
0.165
0.16417910447761194
0.16336633663366337
0.1625615763546798
0.16176470588235295
0.16097560975609757
0.16019417475728157
0.15942028985507245
0.16346153846153846
0.16267942583732056
0.1619047619047619
0.16113744075829384
0.16037735849056603
0.1596244131455399
0.1588785046728972
0.15813953488372093
0.16203703703703703
0.16129032258064516
0.16055045871559634
0.1598173515981735
0.1590909090909091
0.1583710407239819
0.15765765765765766
0.15695067264573992
0.15625
0.15555555555555556
0.15486725663716813
0.15418502202643172
0.15350877192982457
0.15283842794759825
0.15217391304347827
0.15151515151515152
0.15086206896551724
0.15021459227467812
0.14957264957264957
0.14893617021276595
0.1483050847457627
0.14767932489451477
0.14705882352941177
0.14644351464435146
0.14583333333333334
0.14522821576763487
0.1446280991735537
0.1440329218106996
0.14344262295081966
0.14285714285714285
0.14227642276422764
0.1417004048582996
0.14112903225806453
0.14457831325301204
0.144
0.14342629482071714
0.14285714285714285
0.1422924901185771
0.14173228346456693
0.1411764705882353
0.140625
0.14007782101167315
0.13953488372093023
0.138996138996139
0.13846153846153847
0.13793103448275862
0.13740458015267176
0.13688212927756654
0.13636363636363635
0.13584905660377358
0.13533834586466165
0.1348314606741573
0.13432835820895522
0.13382899628252787
0.13333333333333333
0.13284132841328414
0.1323529411764706
0.13186813186813187
0.13138686131386862
0.13090909090909092
0.13043478260869565
0.1299638989169675
0.12949640287769784
0.12903225806451613
0.12857142857142856
0.13167259786476868
0.13120567375886524
0.13074204946996468
0.13028169014084506
0.12982456140350876
0.13286713286713286
0.13240418118466898
0.13194444444444445
0.1314878892733564
0.1310344827586207
0.13058419243986255
0.13013698630136986
0.13310580204778158
0.1326530612244898
0.13559322033898305
0.13851351351351351
0.13804713804713806
0.13758389261744966
0.13712374581939799
0.13666666666666666
0.1362126245847176
0.1357615894039735
0.1353135313531353
0.13486842105263158
0.13442622950819672
0.13398692810457516
0.13680781758957655
0.13636363636363635
0.13592233009708737
0.13548387096774195
0.13504823151125403
0.1346153846153846
0.134185303514377
0.1337579617834395
0.13333333333333333
0.13291139240506328
0.13249211356466878
0.1320754716981132
0.13166144200626959
0.13125
0.13395638629283488
0.13354037267080746
0.13312693498452013
0.13271604938271606
0.13230769230769232
0.13190184049079753
0.13149847094801223
0.13109756097560976
0.13069908814589665
0.1303030303030303
0.1299093655589124
0.12951807228915663
0.12912912912912913
0.12874251497005987
0.13134328358208955
0.13095238095238096
0.13353115727002968
0.13609467455621302
0.13569321533923304
0.13529411764705881
0.1348973607038123
0.13742690058479531
0.13702623906705538
0.13662790697674418
0.13623188405797101
0.13872832369942195
0.138328530259366
0.13793103448275862
0.13753581661891118
0.13714285714285715
0.13675213675213677
0.13636363636363635
0.1359773371104816
0.13559322033898305
0.1352112676056338
0.1348314606741573
0.13725490196078433
0.13687150837988826
0.13649025069637882
0.1361111111111111
0.13573407202216067
0.13812154696132597
0.13774104683195593
0.13736263736263737
0.136986301369863
0.13934426229508196
0.13896457765667575
0.13858695652173914
0.13821138211382114
0.13783783783783785
0.13746630727762804
0.13978494623655913
0.13941018766756033
0.13903743315508021
0.13866666666666666
0.13829787234042554
0.13793103448275862
0.13756613756613756
0.13720316622691292
0.1368421052631579
0.13648293963254593
0.13612565445026178
0.13838120104438642
0.13802083333333334
0.13766233766233765
0.13730569948186527
0.13695090439276486
0.13659793814432988
0.13624678663239073
0.1358974358974359
0.13554987212276215
0.13520408163265307
0.13486005089058525
0.13451776649746192
0.1341772151898734
0.13383838383838384
0.13350125944584382
0.13316582914572864
0.13283208020050125
0.1325
0.13216957605985039
0.1318407960199005
0.1315136476426799
0.1311881188118812
0.1308641975308642
0.13054187192118227
0.13022113022113022
0.1323529411764706
0.13202933985330073
0.13170731707317074
0.13138686131386862
0.13106796116504854
0.13075060532687652
0.13043478260869565
0.13012048192771083
0.12980769230769232
0.12949640287769784
0.1291866028708134
0.13126491646778043
0.13095238095238096
0.1330166270783848
0.13270142180094788
0.13238770685579196
0.1320754716981132
0.13176470588235295
0.13145539906103287
0.13114754098360656
0.1308411214953271
0.13053613053613053
0.13023255813953488
0.12993039443155452
0.13194444444444445
0.13163972286374134
0.1313364055299539
0.1310344827586207
0.13302752293577982
0.13272311212814644
0.1324200913242009
0.13439635535307518
0.1340909090909091
0.13378684807256236
0.1334841628959276
0.13318284424379231
0.13288288288288289
0.13258426966292136
0.13228699551569506
0.1319910514541387
0.13169642857142858
0.13140311804008908
0.13111111111111112
0.13303769401330376
0.13274336283185842
0.13245033112582782
0.13215859030837004
0.13186813186813187
0.13157894736842105
0.13129102844638948
0.13100436681222707
0.13071895424836602
0.13043478260869565
0.1301518438177874
0.12987012987012986
0.12958963282937366
0.12931034482758622
0.12903225806451613
0.12875536480686695
0.1284796573875803
0.1282051282051282
0.1279317697228145
0.1276595744680851
0.12738853503184713
0.1292372881355932
0.12896405919661733
0.12869198312236288
0.12842105263157894
0.12815126050420167
0.1278825995807128
0.12761506276150628
0.12734864300626306
0.12708333333333333
0.12681912681912683
0.12655601659751037
0.12629399585921325
0.12603305785123967
0.12577319587628866
0.12551440329218108
0.12525667351129363
0.125
0.12474437627811862
0.12448979591836734
0.12423625254582485
0.12601626016260162
0.12778904665314403
0.12753036437246965
0.12727272727272726
0.12701612903225806
0.1267605633802817
0.12650602409638553
0.12625250501002003
0.126
0.1277445109780439
0.12749003984063745
0.1272365805168986
0.12698412698412698
0.12673267326732673
0.12845849802371542
0.1282051282051282
0.1279527559055118
0.12770137524557956
0.12745098039215685
0.12720156555772993
0.12890625
0.1286549707602339
0.12840466926070038
0.13009708737864079
0.1298449612403101
0.12959381044487428
0.12934362934362933
0.13102119460500963
0.13076923076923078
0.13051823416506717
0.13218390804597702
0.13193116634799235
0.1316793893129771
0.13142857142857142
0.1311787072243346
0.13092979127134724
0.13257575757575757
0.1323251417769376
0.1320754716981132
0.1318267419962335
0.13157894736842105
0.13133208255159476
0.13108614232209737
0.1308411214953271
0.13059701492537312
0.1303538175046555
0.13011152416356878
0.12987012987012986
0.12962962962962962
0.12939001848428835
0.12915129151291513
0.1289134438305709
0.12867647058823528
0.12844036697247707
0.1282051282051282
0.12797074954296161
0.12773722627737227
0.12750455373406194
0.12727272727272726
0.12704174228675136
0.12681159420289856
0.12658227848101267
0.1263537906137184
0.12612612612612611
0.12769784172661872
0.12746858168761221
0.12724014336917563
0.12701252236135957
0.12678571428571428
0.1265597147950089
0.12633451957295375
0.1261101243339254
0.12588652482269502
0.12743362831858407
0.12897526501766785
0.13051146384479717
0.13028169014084506
0.13005272407732865
0.12982456140350876
0.13134851138353765
0.13286713286713286
0.13263525305410123
0.13240418118466898
0.13217391304347825
0.13194444444444445
0.1317157712305026
0.1314878892733564
0.13126079447322972
0.1310344827586207
0.13080895008605853
0.13058419243986255
0.13036020583190394
0.13013698630136986
0.12991452991452992
0.1296928327645051
0.12947189097103917
0.1292517006802721
0.12903225806451613
0.1288135593220339
0.12859560067681894
0.12837837837837837
0.1281618887015177
0.12794612794612795
0.12773109243697478
0.12751677852348994
0.1273031825795645
0.12709030100334448
0.12687813021702837
0.12666666666666668
0.1264559068219634
0.12624584717607973
0.12603648424543948
0.12582781456953643
0.1256198347107438
0.1254125412541254
0.12520593080724876
0.125
0.12479474548440066
0.12459016393442623
0.12438625204582651
0.12418300653594772
0.12398042414355628
0.1237785016286645
0.12357723577235773
0.12337662337662338
0.12317666126418152
0.12297734627831715
0.12277867528271405
0.12258064516129032
0.12238325281803543
0.12218649517684887
0.12199036918138041
0.12179487179487179
0.1216
0.12140575079872204
0.12121212121212122
0.12101910828025478
0.12082670906200318
0.12222222222222222
0.12202852614896989
0.12183544303797468
0.12164296998420221
0.12145110410094637
0.12125984251968504
0.12106918238993711
0.12087912087912088
0.1206896551724138
0.12050078247261346
0.121875
0.12324492979719189
0.12305295950155763
0.12286158631415241
0.12422360248447205
0.12403100775193798
0.1238390092879257
0.12364760432766615
0.12345679012345678
0.12480739599383667
0.12461538461538461
0.12442396313364056
0.12423312883435583
0.12557427258805512
0.12691131498470948
0.1267175572519084
0.12652439024390244
0.1263318112633181
0.12613981762917933
0.125948406676783
0.12575757575757576
0.12556732223903178
0.12537764350453173
0.12669683257918551
0.12650602409638553
0.12781954887218044
0.12762762762762764
0.12743628185907047
0.12724550898203593
0.12855007473841554
0.12835820895522387
0.12816691505216096
0.12797619047619047
0.1277860326894502
0.12759643916913946
0.1274074074074074
0.12721893491124261
0.12850812407680945
0.12831858407079647
0.12812960235640647
0.12794117647058822
0.1277533039647577
0.12903225806451613
0.12884333821376281
0.1286549707602339
0.12846715328467154
0.1282798833819242
0.12809315866084425
0.12790697674418605
0.12772133526850507
0.12753623188405797
0.12735166425470332
0.12716763005780346
0.12698412698412698
0.12680115273775217
0.12661870503597122
0.1278735632183908
0.12769010043041606
0.12750716332378223
0.12732474964234622
0.12714285714285714
0.12696148359486448
0.1267806267806268
0.12660028449502134
0.12642045454545456
0.12624113475177304
0.12606232294617564
0.1272984441301273
0.1271186440677966
0.12834978843441466
0.12816901408450704
0.1279887482419128
0.12780898876404495
0.1276297335203366
0.12745098039215685
0.12727272727272726
0.12849162011173185
0.12831241283124128
0.12813370473537605
0.12795549374130738
0.12777777777777777
0.1276005547850208
0.12742382271468145
0.1272475795297372
0.1270718232044199
0.12689655172413794
0.12672176308539945
0.1265474552957359
0.12637362637362637
0.1262002743484225
0.12602739726027398
0.12585499316005472
0.12568306010928962
0.12551159618008187
0.12534059945504086
0.1251700680272109
0.125
0.1248303934871099
0.12466124661246612
0.12449255751014884
0.12567567567567567
0.12550607287449392
0.12533692722371967
0.12516823687752354
0.125
0.12483221476510067
0.12466487935656836
0.12449799196787148
0.12433155080213903
0.12416555407209613
0.124
0.12383488681757657
0.12367021276595745
0.12350597609561753
0.123342175066313
0.12317880794701987
0.12301587301587301
0.12285336856010567
0.12269129287598944
0.1225296442687747
0.12236842105263158
0.12220762155059132
0.1220472440944882
0.1218872870249017
0.12172774869109948
0.12156862745098039
0.12140992167101827
0.121251629726206
0.12109375
0.12093628088426528
0.12077922077922078
0.12062256809338522
0.12046632124352331
0.1203104786545925
0.12015503875968993
0.12
0.1211340206185567
0.12097812097812098
0.12082262210796915
0.12066752246469833
0.12179487179487179
0.12163892445582586
0.12148337595907928
0.12132822477650064
0.1211734693877551
0.12101910828025478
0.12086513994910941
0.1207115628970775
0.12055837563451777
0.12167300380228137
0.12151898734177215
0.1213653603034134
0.12121212121212122
0.1210592686002522
0.12216624685138538
0.1220125786163522
0.12185929648241206
0.12170639899623588
0.12155388471177944
0.1214017521902378
0.12125
0.12109862671660425
0.12094763092269327
0.12079701120797011
0.12064676616915423
0.12049689440993788
0.12034739454094293
0.12019826517967781
0.12004950495049505
0.11990111248454882
0.11975308641975309
0.12083847102342787
0.1206896551724138
0.12054120541205413
0.12039312039312039
0.12024539877300613
0.12009803921568628
0.11995104039167687
0.1198044009779951
0.11965811965811966
0.11951219512195121
0.11936662606577345
0.1192214111922141
0.11907654921020656
0.11893203883495146
0.11878787878787879
0.11864406779661017
0.1185006045949214
0.11835748792270531
0.11821471652593486
0.1180722891566265
0.11793020457280386
0.11778846153846154
0.11764705882352941
0.11750599520383694
0.11736526946107785
0.11722488038277512
0.11708482676224612
0.11694510739856802
0.11680572109654351
0.11666666666666667
0.11652794292508918
0.1163895486935867
0.1162514827995255
0.11611374407582939
0.11597633136094675
0.11583924349881797
0.11570247933884298
0.11556603773584906
0.1154299175500589
0.11647058823529412
0.11633372502937721
0.11619718309859155
0.1160609613130129
0.11592505854800937
0.11695906432748537
0.11682242990654206
0.11668611435239207
0.11655011655011654
0.11757857974388825
0.11744186046511627
0.1173054587688734
0.11716937354988399
0.11703360370799537
0.11689814814814815
0.11676300578034682
0.11662817551963048
0.11649365628604383
0.11635944700460829
0.11622554660529344
0.11609195402298851
0.11595866819747416
0.11697247706422019
0.11798396334478808
0.11784897025171624
0.11771428571428572
0.11757990867579908
0.11744583808437856
0.11731207289293849
0.11717861205915814
0.11704545454545455
0.11691259931895573
0.11678004535147392
0.11664779161947905
0.1165158371040724
0.11638418079096045
0.1162528216704289
0.1161217587373168
0.11599099099099099
0.11586051743532058
0.11573033707865168
0.11560044893378227
0.11547085201793722
0.11534154535274356
0.116331096196868
0.11620111731843576
0.11607142857142858
0.11594202898550725
0.11581291759465479
0.11568409343715239
0.11555555555555555
0.11542730299667037
0.11529933481152993
0.11517165005537099
0.11504424778761062
0.11491712707182321
0.11479028697571744
0.11466372657111357
0.1145374449339207
0.11441144114411442
0.11428571428571428
0.1141602634467618
0.11403508771929824
0.11391018619934283
0.1137855579868709
0.11366120218579236
0.11353711790393013
0.1134133042529989
0.11328976034858387
0.11316648531011969
0.11304347826086956
0.11292073832790445
0.11279826464208242
0.11267605633802817
0.11255411255411256
0.11243243243243244
0.11231101511879049
0.1121898597626753
0.11206896551724138
0.11194833153928956
0.11182795698924732
0.11170784103114931
0.11158798283261803
0.11146838156484459
0.11134903640256959
0.11122994652406418
0.11217948717948718
0.11205976520811099
0.11194029850746269
0.11182108626198083
0.11170212765957446
0.11158342189160468
0.11146496815286625
0.11134676564156946
0.11122881355932203
0.1111111111111111
0.1109936575052854
0.11087645195353749
0.11075949367088607
0.11064278187565858
0.11052631578947368
0.11041009463722397
0.11029411764705882
0.11017838405036726
0.11006289308176101
0.1099476439790576
0.1098326359832636
0.109717868338558
0.10960334029227557
0.10948905109489052
0.109375
0.10926118626430802
0.1101871101871102
0.11007268951194185
0.10995850622406639
0.10984455958549223
0.10973084886128365
0.10961737331954498
0.10950413223140495
0.10939112487100103
0.10927835051546392
0.10916580844490216
0.10905349794238683
0.10894141829393628
0.10882956878850103
0.10871794871794872
0.10860655737704918
0.10849539406345957
0.1083844580777096
0.10827374872318693
0.10816326530612246
0.10805300713557595
0.1079429735234216
0.10783316378433368
0.10772357723577236
0.10761421319796954
0.1075050709939148
0.10739614994934144
0.10728744939271255
0.10717896865520728
0.10707070707070707
0.10696266397578204
0.10685483870967742
0.1067472306143001
0.10663983903420524
0.10653266331658291
0.10642570281124498
0.10631895687061184
0.10721442885771543
0.10710710710710711
0.107
0.1068931068931069
