0.5
0.6666666666666666
0.5
0.4
0.5
0.42857142857142855
0.375
0.4444444444444444
0.4
0.45454545454545453
0.4166666666666667
0.38461538461538464
0.35714285714285715
0.3333333333333333
0.375
0.35294117647058826
0.3333333333333333
0.3684210526315789
0.35
0.38095238095238093
0.36363636363636365
0.34782608695652173
0.375
0.36
0.34615384615384615
0.3333333333333333
0.35714285714285715
0.3448275862068966
0.3333333333333333
0.3225806451612903
0.3125
0.3333333333333333
0.3235294117647059
0.3142857142857143
0.3055555555555556
0.2972972972972973
0.3157894736842105
0.3076923076923077
0.325
0.3170731707317073
0.3333333333333333
0.32558139534883723
0.3181818181818182
0.3111111111111111
0.30434782608695654
0.2978723404255319
0.2916666666666667
0.2857142857142857
0.28
0.27450980392156865
0.28846153846153844
0.2830188679245283
0.2777777777777778
0.2727272727272727
0.26785714285714285
0.2807017543859649
0.29310344827586204
0.288135593220339
0.2833333333333333
0.29508196721311475
0.2903225806451613
0.2857142857142857
0.28125
0.27692307692307694
0.2727272727272727
0.26865671641791045
0.27941176470588236
0.2753623188405797
0.2714285714285714
0.2676056338028169
0.2638888888888889
0.2602739726027397
0.25675675675675674
0.25333333333333335
0.25
0.24675324675324675
0.2564102564102564
0.25316455696202533
0.25
0.24691358024691357
0.24390243902439024
0.24096385542168675
0.23809523809523808
0.23529411764705882
0.23255813953488372
0.22988505747126436
0.22727272727272727
0.2247191011235955
0.2222222222222222
0.21978021978021978
0.21739130434782608
0.21505376344086022
0.2127659574468085
0.21052631578947367
0.20833333333333334
0.20618556701030927
0.20408163265306123
0.20202020202020202
0.2
0.2079207920792079
0.20588235294117646
0.21359223300970873
0.21153846153846154
0.20952380952380953
0.20754716981132076
0.205607476635514
0.2037037037037037
0.2018348623853211
0.2
0.1981981981981982
0.19642857142857142
0.20353982300884957
0.20175438596491227
0.2
0.19827586206896552
0.19658119658119658
0.19491525423728814
0.20168067226890757
0.2
0.19834710743801653
0.19672131147540983
0.2032520325203252
0.20161290322580644
0.2
0.1984126984126984
0.1968503937007874
0.1953125
0.1937984496124031
0.19230769230769232
0.19083969465648856
0.1893939393939394
0.18796992481203006
0.19402985074626866
0.1925925925925926
0.19117647058823528
0.1897810218978102
0.18840579710144928
0.18705035971223022
0.18571428571428572
0.18439716312056736
0.19014084507042253
0.1888111888111888
0.1875
0.18620689655172415
0.18493150684931506
0.19047619047619047
0.1891891891891892
0.18791946308724833
0.18666666666666668
0.18543046357615894
0.18421052631578946
0.1830065359477124
0.18181818181818182
0.18064516129032257
0.1794871794871795
0.17834394904458598
0.17721518987341772
0.1761006289308176
0.18125
0.18633540372670807
0.18518518518518517
0.18404907975460122
0.18292682926829268
0.18787878787878787
0.1927710843373494
0.19161676646706588
0.19047619047619047
0.1952662721893491
0.2
0.19883040935672514
0.19767441860465115
0.19653179190751446
0.19540229885057472
0.19428571428571428
0.19318181818181818
0.1977401129943503
0.19662921348314608
0.2011173184357542
0.2
0.19889502762430938
0.1978021978021978
0.19672131147540983
0.1956521739130435
0.1945945945945946
0.1989247311827957
0.19786096256684493
0.19680851063829788
0.19576719576719576
0.19473684210526315
0.193717277486911
0.19270833333333334
0.19170984455958548
0.19072164948453607
0.18974358974358974
0.18877551020408162
0.19289340101522842
0.1919191919191919
0.19095477386934673
0.19
0.1890547263681592
0.19306930693069307
0.1921182266009852
0.19117647058823528
0.1902439024390244
0.18932038834951456
0.1932367149758454
0.19230769230769232
0.19138755980861244
0.19047619047619047
0.1895734597156398
0.18867924528301888
0.18779342723004694
0.18691588785046728
0.18604651162790697
0.18518518518518517
0.18433179723502305
0.1834862385321101
0.1872146118721461
0.18636363636363637
0.18552036199095023
0.1891891891891892
0.19282511210762332
0.19196428571428573
0.19111111111111112
0.1902654867256637
0.1894273127753304
0.19298245614035087
0.19213973799126638
0.19130434782608696
0.19047619047619047
0.1896551724137931
0.1888412017167382
0.18803418803418803
0.18723404255319148
0.1864406779661017
0.18565400843881857
0.18487394957983194
0.18410041841004185
0.18333333333333332
0.1825726141078838
0.1859504132231405
0.18930041152263374
0.19262295081967212
0.19183673469387755
0.1910569105691057
0.1902834008097166
0.18951612903225806
0.18875502008032127
0.192
0.1952191235059761
0.19444444444444445
0.19367588932806323
0.19291338582677164
0.19215686274509805
0.1953125
0.19455252918287938
0.1937984496124031
0.19305019305019305
0.19230769230769232
0.19157088122605365
0.19083969465648856
0.19011406844106463
0.19318181818181818
0.19245283018867926
0.19548872180451127
0.19850187265917604
0.19776119402985073
0.1970260223048327
0.1962962962962963
0.19557195571955718
0.1948529411764706
0.19413919413919414
0.19343065693430658
0.19272727272727272
0.1956521739130435
0.19494584837545126
0.19424460431654678
0.1935483870967742
0.19285714285714287
0.19217081850533807
0.19148936170212766
0.19081272084805653
0.19014084507042253
0.18947368421052632
0.1888111888111888
0.18815331010452963
0.1875
0.18685121107266436
0.18620689655172415
0.18556701030927836
0.18493150684931506
0.18430034129692832
0.1836734693877551
0.18305084745762712
0.18243243243243243
0.18181818181818182
0.18120805369127516
0.18394648829431437
0.18333333333333332
0.18272425249169436
0.18211920529801323
0.18151815181518152
0.18092105263157895
0.18032786885245902
0.17973856209150327
0.1791530944625407
0.18181818181818182
0.18122977346278318
0.18064516129032257
0.18006430868167203
0.1794871794871795
0.17891373801916932
0.17834394904458598
0.17777777777777778
0.18037974683544303
0.17981072555205047
0.1792452830188679
0.1786833855799373
0.178125
0.17757009345794392
0.17701863354037267
0.17956656346749225
0.17901234567901234
0.17846153846153845
0.17791411042944785
0.17737003058103976
0.17682926829268292
0.1762917933130699
0.1787878787878788
0.18126888217522658
0.18072289156626506
0.18018018018018017
0.17964071856287425
0.1791044776119403
0.17857142857142858
0.17804154302670624
0.17751479289940827
0.17994100294985252
0.17941176470588235
0.17888563049853373
0.1783625730994152
0.17784256559766765
0.17732558139534885
0.17681159420289855
0.17630057803468208
0.17579250720461095
0.1781609195402299
0.17765042979942694
0.17714285714285713
0.17663817663817663
0.17613636363636365
0.17563739376770537
0.1751412429378531
0.17464788732394365
0.17696629213483145
0.17647058823529413
0.17597765363128492
0.17548746518105848
0.175
0.1745152354570637
0.17679558011049723
0.1763085399449036
0.17582417582417584
0.17534246575342466
0.17486338797814208
0.17438692098092642
0.1766304347826087
0.17615176151761516
0.1783783783783784
0.1778975741239892
0.1774193548387097
0.1769436997319035
0.17647058823529413
0.176
0.17819148936170212
0.17771883289124668
0.17724867724867724
0.17678100263852242
0.1763157894736842
0.1784776902887139
0.17801047120418848
0.17754569190600522
0.17708333333333334
0.17662337662337663
0.17616580310880828
0.17571059431524547
0.17525773195876287
0.17480719794344474
0.17435897435897435
0.17391304347826086
0.17346938775510204
0.17302798982188294
0.17258883248730963
0.17215189873417722
0.1717171717171717
0.1712846347607053
0.1708542713567839
0.17042606516290726
0.17
0.16957605985037408
0.1691542288557214
0.1687344913151365
0.16831683168316833
0.16790123456790124
0.16748768472906403
0.16707616707616707
0.16666666666666666
0.16625916870415647
0.16829268292682928
0.1678832116788321
0.16747572815533981
0.16707021791767554
0.16666666666666666
0.16626506024096385
0.1658653846153846
0.16546762589928057
0.1674641148325359
0.16706443914081145
0.16904761904761906
0.16864608076009502
0.17061611374407584
0.1702127659574468
0.16981132075471697
0.16941176470588235
0.16901408450704225
0.1686182669789227
0.16822429906542055
0.16783216783216784
0.16744186046511628
0.16705336426914152
0.16666666666666666
0.16628175519630484
0.16589861751152074
0.16551724137931034
0.1651376146788991
0.16475972540045766
0.1643835616438356
0.16400911161731208
0.16363636363636364
0.16326530612244897
0.16289592760180996
0.16252821670428894
0.16216216216216217
0.16179775280898875
0.16143497757847533
0.1610738255033557
0.16071428571428573
0.1603563474387528
0.1622222222222222
0.16186252771618626
0.16150442477876106
0.16114790286975716
0.16079295154185022
0.16043956043956045
0.1600877192982456
0.15973741794310722
0.15938864628820962
0.16122004357298475
0.1608695652173913
0.16052060737527116
0.16017316017316016
0.15982721382289417
0.15948275862068967
0.15913978494623657
0.15879828326180256
0.15845824411134904
0.1581196581196581
0.15778251599147122
0.1574468085106383
0.1592356687898089
0.15889830508474576
0.15856236786469344
0.15822784810126583
0.15789473684210525
0.15756302521008403
0.15723270440251572
0.15690376569037656
0.15657620041753653
0.15625
0.158004158004158
0.15767634854771784
0.15734989648033126
0.15702479338842976
0.15670103092783505
0.15637860082304528
0.15605749486652978
0.1557377049180328
0.1554192229038855
0.15510204081632653
0.15478615071283094
0.1565040650406504
0.15618661257606492
0.15587044534412955
0.15555555555555556
0.15524193548387097
0.15492957746478872
0.15461847389558234
0.156312625250501
0.156
0.15568862275449102
0.1553784860557769
0.1550695825049702
0.15476190476190477
0.15445544554455445
0.15612648221343872
0.15581854043392504
0.15551181102362205
0.15717092337917485
0.1568627450980392
0.15655577299412915
0.15625
0.15594541910331383
0.1556420233463035
0.1553398058252427
0.15503875968992248
0.15473887814313347
0.15444015444015444
0.15414258188824662
0.15384615384615385
0.15355086372360843
0.1532567049808429
0.15296367112810708
0.15267175572519084
0.15428571428571428
0.15399239543726237
0.15370018975332067
0.1534090909090909
0.15311909262759923
0.15283018867924528
0.15254237288135594
0.15225563909774437
0.15196998123827393
0.15168539325842698
0.15140186915887852
0.15111940298507462
0.15083798882681565
0.15055762081784388
0.150278293135436
0.15185185185185185
0.1534195933456562
0.15313653136531366
0.15285451197053407
0.15257352941176472
0.15229357798165138
0.152014652014652
0.15173674588665448
0.15145985401459855
0.151183970856102
0.1509090909090909
0.15063520871143377
0.1503623188405797
0.15009041591320071
0.14981949458483754
0.14954954954954955
0.14928057553956833
0.1490125673249551
0.14874551971326164
0.148479427549195
0.14821428571428572
0.14795008912655971
0.14768683274021352
0.1492007104795737
0.15070921985815602
0.1504424778761062
0.1519434628975265
0.15167548500881833
0.15140845070422534
0.15114235500878734
0.15087719298245614
0.15061295971978983
0.15034965034965034
0.15008726003490402
0.14982578397212543
0.15130434782608695
0.15104166666666666
0.15077989601386482
0.15051903114186851
0.15025906735751296
0.15
0.14974182444061962
0.14948453608247422
0.14922813036020582
0.14897260273972604
0.15042735042735042
0.15017064846416384
0.14991482112436116
0.14965986394557823
0.1494057724957555
0.15084745762711865
0.1505922165820643
0.15033783783783783
0.15177065767284992
0.15151515151515152
0.15126050420168066
0.15100671140939598
0.1507537688442211
0.1505016722408027
0.15025041736227046
0.15
0.1497504159733777
0.14950166112956811
0.14925373134328357
0.1490066225165563
0.1487603305785124
0.15016501650165018
0.14991762767710048
0.14967105263157895
0.1510673234811166
0.15081967213114755
0.15057283142389524
0.1503267973856209
0.1500815660685155
0.1498371335504886
0.14959349593495935
0.14935064935064934
0.14910858995137763
0.1488673139158576
0.14862681744749595
0.14838709677419354
0.14814814814814814
0.14790996784565916
0.1476725521669342
0.14743589743589744
0.1472
0.14696485623003194
0.1467304625199362
0.1464968152866242
0.14626391096979333
0.14761904761904762
0.1473851030110935
0.14715189873417722
0.14691943127962084
0.14668769716088328
0.14645669291338584
0.14622641509433962
0.14599686028257458
0.14576802507836992
0.14553990610328638
0.146875
0.14664586583463338
0.14641744548286603
0.14618973561430793
0.14596273291925466
0.14573643410852713
0.14551083591331268
0.14528593508500773
0.14506172839506173
0.1448382126348228
0.14461538461538462
0.1443932411674347
0.1441717791411043
0.1439509954058193
0.1437308868501529
0.1435114503816794
0.14329268292682926
0.1430745814307458
0.14285714285714285
0.1426403641881639
0.14242424242424243
0.1422087745839637
0.1419939577039275
0.14177978883861236
0.14156626506024098
0.14135338345864662
0.14114114114114115
0.1409295352323838
0.1407185628742515
0.14050822122571002
0.14029850746268657
0.14008941877794337
0.13988095238095238
0.13967310549777118
0.1394658753709199
0.13925925925925925
0.1390532544378698
0.13884785819793205
0.13864306784660768
0.13843888070692195
0.13970588235294118
0.1395007342143906
0.13929618768328444
0.1390922401171303
0.1388888888888889
0.1386861313868613
0.13848396501457727
0.13828238719068414
0.1380813953488372
0.1378809869375907
0.13768115942028986
0.13748191027496381
0.13728323699421965
0.1370851370851371
0.13688760806916425
0.1381294964028777
0.13793103448275862
0.13773314203730272
0.13896848137535817
0.13876967095851217
0.13857142857142857
0.1383737517831669
0.13817663817663817
0.1379800853485064
0.1377840909090909
0.13900709219858157
0.1388101983002833
0.13861386138613863
0.1384180790960452
0.1382228490832158
0.13802816901408452
0.13783403656821377
0.13764044943820225
0.13744740532959326
0.13725490196078433
0.13706293706293707
0.13687150837988826
0.13668061366806136
0.13649025069637882
0.13630041724617525
0.1361111111111111
0.13592233009708737
0.1371191135734072
0.13692946058091288
0.13674033149171272
0.13655172413793104
0.13636363636363635
0.1361760660247593
0.13598901098901098
0.13580246913580246
0.13561643835616438
0.13679890560875513
0.1366120218579235
0.1377899045020464
0.13760217983651227
0.13741496598639455
0.13722826086956522
0.13704206241519673
0.13685636856368563
0.13667117726657646
0.13648648648648648
0.13630229419703105
0.13611859838274934
0.13593539703903096
0.135752688172043
0.13557046979865772
0.1353887399463807
0.13520749665327977
0.13502673796791445
0.1348464619492657
0.13466666666666666
0.13581890812250333
0.1356382978723404
0.13545816733067728
0.13527851458885942
0.13509933774834437
0.1349206349206349
0.13474240422721268
0.1345646437994723
0.13438735177865613
0.13421052631578947
0.13534822601839686
0.13517060367454067
0.1349934469200524
0.13481675392670156
0.134640522875817
0.13446475195822455
0.13428943937418514
0.13411458333333334
0.13394018205461639
0.13376623376623376
0.13359273670557717
0.133419689119171
0.1332470892626132
0.1330749354005168
0.1329032258064516
0.1327319587628866
0.13256113256113256
0.13239074550128535
0.13222079589216945
0.13205128205128205
0.13188220230473752
0.13171355498721227
0.13154533844189017
0.13137755102040816
0.13121019108280255
0.13104325699745548
0.13087674714104194
0.13071065989847716
0.13054499366286437
0.13037974683544304
0.1302149178255373
0.13005050505050506
0.12988650693568726
0.1297229219143577
0.12955974842767295
0.12939698492462312
0.12923462986198245
0.12907268170426064
0.12891113892365458
0.12875
0.1285892634207241
0.128428927680798
0.12826899128268993
0.1281094527363184
0.12795031055900621
0.12779156327543426
0.12763320941759604
0.12747524752475248
0.1273176761433869
0.1271604938271605
0.12700369913686807
0.12807881773399016
0.12792127921279212
0.12776412776412777
0.12883435582822086
0.12867647058823528
0.12851897184822522
0.1295843520782396
0.12942612942612944
0.12926829268292683
0.12911084043848964
0.13017031630170317
0.13001215066828675
0.12985436893203883
0.1296969696969697
0.12953995157384987
0.1293833131801693
0.1292270531400966
0.13027744270205066
0.13012048192771083
0.1299638989169675
0.12980769230769232
0.12965186074429771
0.12949640287769784
0.12934131736526946
0.1291866028708134
0.12903225806451613
0.1288782816229117
0.12872467222884387
0.12857142857142856
0.12841854934601665
0.12826603325415678
0.12811387900355872
0.12796208530805686
0.12781065088757396
0.1276595744680851
0.12750885478158205
0.12735849056603774
0.127208480565371
0.12705882352941175
0.12690951821386603
0.1267605633802817
0.12661195779601406
0.12646370023419204
0.12748538011695906
0.12733644859813084
0.12718786464410736
0.1282051282051282
0.1280558789289872
0.12790697674418605
0.12775842044134728
0.12761020881670534
0.12746234067207415
0.12731481481481483
0.12716763005780346
0.12702078521939955
0.12687427912341406
0.12672811059907835
0.12658227848101267
0.12643678160919541
0.12629161882893225
0.12614678899082568
0.12600229095074456
0.12585812356979406
0.12685714285714286
0.1267123287671233
0.1265678449258837
0.1275626423690205
0.12741751990898748
0.12727272727272726
0.1271282633371169
0.12698412698412698
0.12684031710079274
0.12669683257918551
0.12655367231638417
0.12641083521444696
0.1262683201803833
0.12612612612612611
0.12598425196850394
0.1258426966292135
0.12570145903479238
0.12556053811659193
0.12541993281075028
0.12527964205816555
0.12513966480446928
0.125
0.12486064659977704
0.12472160356347439
0.12458286985539488
0.12444444444444444
0.12430632630410655
0.12416851441241686
0.12403100775193798
0.12389380530973451
0.12375690607734807
0.12472406181015452
0.12458654906284454
0.12444933920704845
0.1254125412541254
0.12527472527472527
0.1251372118551043
0.125
0.1248630887185104
0.12472647702407003
0.12459016393442623
0.12445414847161572
0.12540894220283533
0.12527233115468409
0.1251360174102285
0.125
0.1248642779587405
0.12472885032537961
0.12459371614301191
0.12445887445887446
0.12432432432432433
0.12419006479481641
0.12405609492988134
0.12392241379310345
0.12378902045209902
0.12365591397849462
0.12352309344790548
0.12339055793991416
0.1232583065380493
0.12312633832976445
0.12406417112299466
0.12393162393162394
0.12379935965848453
0.12366737739872068
0.1235356762513312
0.12340425531914893
0.12327311370882041
0.12314225053078556
0.12301166489925769
0.1239406779661017
0.12380952380952381
0.12367864693446089
0.1235480464625132
0.12341772151898735
0.1232876712328767
0.1231578947368421
0.12407991587802314
0.12394957983193278
0.12381951731374606
0.12368972746331237
0.12356020942408377
0.12343096234309624
0.12330198537095088
0.12317327766179541
0.12408759124087591
0.12395833333333334
0.12486992715920915
0.12474012474012475
0.12461059190031153
0.12448132780082988
0.12435233160621761
0.12422360248447205
0.12409513960703206
0.12396694214876033
0.12487100103199174
0.12474226804123711
0.12461380020597322
0.12448559670781893
0.12435765673175746
0.12422997946611909
0.12410256410256411
0.12397540983606557
0.12384851586489252
0.12372188139059305
0.12359550561797752
0.12346938775510204
0.12334352701325178
0.12321792260692464
0.12309257375381485
0.12296747967479675
0.12284263959390863
0.12271805273833672
0.12259371833839919
0.12246963562753037
0.12234580384226491
0.12222222222222222
0.12209889001009082
0.1219758064516129
0.1228600201409869
0.1227364185110664
0.12261306532663317
0.12248995983935743
0.12236710130391174
0.12324649298597194
0.12312312312312312
0.123
0.12287712287712288
