0.5
0.6666666666666666
0.5
0.4
0.3333333333333333
0.2857142857142857
0.25
0.2222222222222222
0.2
0.2727272727272727
0.25
0.23076923076923078
0.21428571428571427
0.26666666666666666
0.25
0.23529411764705882
0.2777777777777778
0.2631578947368421
0.3
0.2857142857142857
0.2727272727272727
0.2608695652173913
0.25
0.24
0.23076923076923078
0.2222222222222222
0.21428571428571427
0.20689655172413793
0.2
0.22580645161290322
0.21875
0.21212121212121213
0.20588235294117646
0.2
0.19444444444444445
0.1891891891891892
0.18421052631578946
0.1794871794871795
0.175
0.17073170731707318
0.19047619047619047
0.20930232558139536
0.20454545454545456
0.2
0.21739130434782608
0.2127659574468085
0.20833333333333334
0.20408163265306123
0.2
0.19607843137254902
0.19230769230769232
0.18867924528301888
0.2037037037037037
0.2
0.19642857142857142
0.19298245614035087
0.1896551724137931
0.1864406779661017
0.18333333333333332
0.19672131147540983
0.1935483870967742
0.19047619047619047
0.1875
0.18461538461538463
0.19696969696969696
0.19402985074626866
0.19117647058823528
0.18840579710144928
0.18571428571428572
0.19718309859154928
0.19444444444444445
0.2054794520547945
0.20270270270270271
0.2
0.21052631578947367
0.22077922077922077
0.21794871794871795
0.21518987341772153
0.225
0.2222222222222222
0.23170731707317074
0.2289156626506024
0.2261904761904762
0.2235294117647059
0.22093023255813954
0.21839080459770116
0.2159090909090909
0.21348314606741572
0.2111111111111111
0.2087912087912088
0.20652173913043478
0.20430107526881722
0.20212765957446807
0.21052631578947367
0.20833333333333334
0.20618556701030927
0.20408163265306123
0.20202020202020202
0.21
0.2079207920792079
0.20588235294117646
0.20388349514563106
0.20192307692307693
0.2
0.20754716981132076
0.205607476635514
0.2037037037037037
0.2018348623853211
0.2
0.2072072072072072
0.20535714285714285
0.20353982300884957
0.20175438596491227
0.2
0.19827586206896552
0.19658119658119658
0.19491525423728814
0.19327731092436976
0.19166666666666668
0.19834710743801653
0.19672131147540983
0.1951219512195122
0.1935483870967742
0.192
0.19047619047619047
0.1968503937007874
0.203125
0.20155038759689922
0.2
0.1984732824427481
0.19696969696969696
0.19548872180451127
0.19402985074626866
0.1925925925925926
0.19852941176470587
0.19708029197080293
0.1956521739130435
0.19424460431654678
0.2
0.20567375886524822
0.20422535211267606
0.20279720279720279
0.2013888888888889
0.2
0.19863013698630136
0.19727891156462585
0.19594594594594594
0.19463087248322147
0.19333333333333333
0.19205298013245034
0.19078947368421054
0.1895424836601307
0.18831168831168832
0.1870967741935484
0.1858974358974359
0.18471337579617833
0.18354430379746836
0.18238993710691823
0.18125
0.18012422360248448
0.17901234567901234
0.18404907975460122
0.18292682926829268
0.18181818181818182
0.18072289156626506
0.18562874251497005
0.18452380952380953
0.1834319526627219
0.18235294117647058
0.18128654970760233
0.18023255813953487
0.1791907514450867
0.1839080459770115
0.18285714285714286
0.18181818181818182
0.1807909604519774
0.1797752808988764
0.1787709497206704
0.17777777777777778
0.17679558011049723
0.17582417582417584
0.17486338797814208
0.17391304347826086
0.17297297297297298
0.17204301075268819
0.1711229946524064
0.1702127659574468
0.1693121693121693
0.16842105263157894
0.16753926701570682
0.16666666666666666
0.16580310880829016
0.16494845360824742
0.1641025641025641
0.16326530612244897
0.16751269035532995
0.16666666666666666
0.1658291457286432
0.17
0.1691542288557214
0.16831683168316833
0.16748768472906403
0.16666666666666666
0.16585365853658537
0.1650485436893204
0.1642512077294686
0.16346153846153846
0.16267942583732056
0.1619047619047619
0.16113744075829384
0.16037735849056603
0.1596244131455399
0.1588785046728972
0.15813953488372093
0.1574074074074074
0.15668202764976957
0.16055045871559634
0.1643835616438356
0.16363636363636364
0.167420814479638
0.16666666666666666
0.16591928251121077
0.16517857142857142
0.16444444444444445
0.16371681415929204
0.16299559471365638
0.16666666666666666
0.16593886462882096
0.16521739130434782
0.1645021645021645
0.16379310344827586
0.1630901287553648
0.1623931623931624
0.16170212765957448
0.16101694915254236
0.16033755274261605
0.15966386554621848
0.16317991631799164
0.1625
0.16597510373443983
0.1652892561983471
0.1646090534979424
0.16393442622950818
0.16326530612244897
0.16260162601626016
0.16194331983805668
0.16129032258064516
0.1606425702811245
0.16
0.1593625498007968
0.15873015873015872
0.15810276679841898
0.15748031496062992
0.1568627450980392
0.15625
0.1556420233463035
0.15891472868217055
0.16216216216216217
0.16153846153846155
0.16091954022988506
0.16030534351145037
0.1634980988593156
0.16287878787878787
0.16226415094339622
0.16165413533834586
0.16104868913857678
0.16417910447761194
0.16356877323420074
0.16296296296296298
0.16236162361623616
0.16176470588235295
0.16117216117216118
0.16058394160583941
0.16
0.15942028985507245
0.1588447653429603
0.15827338129496402
0.16129032258064516
0.16071428571428573
0.1601423487544484
0.1595744680851064
0.15901060070671377
0.15845070422535212
0.15789473684210525
0.15734265734265734
0.156794425087108
0.1597222222222222
0.15916955017301038
0.15862068965517243
0.15807560137457044
0.15753424657534246
0.15699658703071673
0.1564625850340136
0.15593220338983052
0.1554054054054054
0.15488215488215487
0.15436241610738255
0.15384615384615385
0.15666666666666668
0.15614617940199335
0.15562913907284767
0.1551155115511551
0.15460526315789475
0.1540983606557377
0.15359477124183007
0.15309446254071662
0.1525974025974026
0.15210355987055016
0.15161290322580645
0.15434083601286175
0.15384615384615385
0.15335463258785942
0.15605095541401273
0.15555555555555556
0.1550632911392405
0.15457413249211358
0.1540880503144654
0.1536050156739812
0.153125
0.1526479750778816
0.15217391304347827
0.15170278637770898
0.15123456790123457
0.15076923076923077
0.15030674846625766
0.1529051987767584
0.1524390243902439
0.1519756838905775
0.15151515151515152
0.1510574018126888
0.15060240963855423
0.15015015015015015
0.1497005988023952
0.14925373134328357
0.1488095238095238
0.14836795252225518
0.14792899408284024
0.1504424778761062
0.15
0.1495601173020528
0.14912280701754385
0.14868804664723032
0.14825581395348839
0.14782608695652175
0.14739884393063585
0.14697406340057637
0.14655172413793102
0.1489971346704871
0.14857142857142858
0.14814814814814814
0.14772727272727273
0.14730878186968838
0.14689265536723164
0.14647887323943662
0.14887640449438203
0.1484593837535014
0.14804469273743018
0.14763231197771587
0.14722222222222223
0.14681440443213298
0.1464088397790055
0.14600550964187328
0.14560439560439561
0.14520547945205478
0.1448087431693989
0.1444141689373297
0.14402173913043478
0.14363143631436315
0.14324324324324325
0.14285714285714285
0.1424731182795699
0.14209115281501342
0.14171122994652408
0.14133333333333334
0.14095744680851063
0.14058355437665782
0.1402116402116402
0.13984168865435356
0.1394736842105263
0.13910761154855644
0.1387434554973822
0.13838120104438642
0.13802083333333334
0.13766233766233765
0.13730569948186527
0.13695090439276486
0.13659793814432988
0.13624678663239073
0.1358974358974359
0.13810741687979539
0.1377551020408163
0.13740458015267176
0.13705583756345177
0.13670886075949368
0.13636363636363635
0.13602015113350127
0.135678391959799
0.13533834586466165
0.1375
0.1371571072319202
0.13681592039800994
0.13895781637717122
0.13861386138613863
0.14074074074074075
0.14039408866995073
0.14004914004914004
0.13970588235294118
0.14180929095354522
0.14146341463414633
0.1411192214111922
0.1407766990291262
0.14043583535108958
0.14009661835748793
0.13975903614457832
0.13942307692307693
0.13908872901678657
0.13875598086124402
0.13842482100238662
0.14047619047619048
0.14014251781472684
0.13981042654028436
0.13947990543735225
0.1391509433962264
0.1388235294117647
0.13849765258215962
0.13817330210772832
0.1378504672897196
0.13986013986013987
0.13953488372093023
0.13921113689095127
0.1388888888888889
0.14087759815242495
0.14055299539170507
0.14022988505747128
0.13990825688073394
0.13958810068649885
0.13926940639269406
0.13895216400911162
0.13863636363636364
0.14058956916099774
0.1425339366515837
0.14221218961625282
0.14189189189189189
0.14157303370786517
0.1412556053811659
0.14093959731543623
0.140625
0.1403118040089087
0.14
0.13968957871396895
0.1415929203539823
0.141280353200883
0.14096916299559473
0.14065934065934066
0.14035087719298245
0.1422319474835886
0.14192139737991266
0.1437908496732026
0.14347826086956522
0.14316702819956617
0.14285714285714285
0.1447084233261339
0.14439655172413793
0.14408602150537633
0.14377682403433475
0.145610278372591
0.1452991452991453
0.14498933901918976
0.14468085106382977
0.14437367303609341
0.1440677966101695
0.14376321353065538
0.14556962025316456
0.14526315789473684
0.14495798319327732
0.14465408805031446
0.14435146443514643
0.1440501043841336
0.14375
0.14345114345114346
0.14315352697095435
0.14285714285714285
0.14256198347107438
0.1422680412371134
0.1440329218106996
0.1437371663244353
0.14344262295081966
0.14519427402862986
0.14489795918367346
0.1446028513238289
0.14634146341463414
0.1460446247464503
0.145748987854251
0.14747474747474748
0.14717741935483872
0.14688128772635814
0.1465863453815261
0.1462925851703407
0.146
0.14570858283433133
0.1454183266932271
0.14512922465208747
0.14484126984126985
0.14653465346534653
0.14624505928853754
0.14595660749506903
0.14566929133858267
0.14538310412573674
0.1450980392156863
0.14481409001956946
0.14453125
0.1442495126705653
0.14396887159533073
0.1436893203883495
0.1434108527131783
0.14313346228239845
0.14285714285714285
0.14258188824662812
0.1423076923076923
0.1420345489443378
0.1417624521072797
0.14149139579349904
0.14122137404580154
0.14095238095238094
0.14068441064638784
0.14041745730550284
0.14015151515151514
0.13988657844990549
0.13962264150943396
0.1393596986817326
0.13909774436090225
0.13883677298311445
0.13857677902621723
0.1383177570093458
0.13805970149253732
0.1378026070763501
0.137546468401487
0.137291280148423
0.13703703703703704
0.1367837338262477
0.13653136531365315
0.13627992633517497
0.13786764705882354
0.13761467889908258
0.13736263736263737
0.13711151736745886
0.13686131386861314
0.1366120218579235
0.13636363636363635
0.13611615245009073
0.1358695652173913
0.13562386980108498
0.13537906137184116
0.13513513513513514
0.13489208633093525
0.13464991023339318
0.13440860215053763
0.13416815742397137
0.1357142857142857
0.13725490196078433
0.13701067615658363
0.13676731793960922
0.13652482269503546
0.13628318584070798
0.13604240282685512
0.13580246913580246
0.13556338028169015
0.13532513181019332
0.13508771929824562
0.13485113835376533
0.13636363636363635
0.13612565445026178
0.13763066202090593
0.1391304347826087
0.1388888888888889
0.1386481802426343
0.1384083044982699
0.1381692573402418
0.13793103448275862
0.13769363166953527
0.13745704467353953
0.137221269296741
0.136986301369863
0.13675213675213677
0.13651877133105803
0.1362862010221465
0.1360544217687075
0.13582342954159593
0.13728813559322034
0.13705583756345177
0.13682432432432431
0.13659359190556492
0.13804713804713806
0.13781512605042018
0.13758389261744966
0.1390284757118928
0.13879598662207357
0.13856427378964942
0.13833333333333334
0.13810316139767054
0.1378737541528239
0.13764510779436154
0.13741721854304637
0.13884297520661157
0.13861386138613863
0.13838550247116968
0.13980263157894737
0.13957307060755336
0.13934426229508196
0.13911620294599017
0.1388888888888889
0.13866231647634583
0.13843648208469056
0.13821138211382114
0.137987012987013
0.13776337115072934
0.13754045307443366
0.13731825525040386
0.13709677419354838
0.13687600644122383
0.13665594855305466
0.13643659711075443
0.1362179487179487
0.136
0.13578274760383385
0.13556618819776714
0.13694267515923567
0.1383147853736089
0.1380952380952381
0.13787638668779714
0.13765822784810128
0.13744075829383887
0.13722397476340695
0.13700787401574804
0.13679245283018868
0.13657770800627944
0.13636363636363635
0.13615023474178403
0.1359375
0.1357254290171607
0.13551401869158877
0.13530326594090203
0.13664596273291926
0.13643410852713178
0.13622291021671826
0.13601236476043277
0.13580246913580246
0.13559322033898305
0.13538461538461538
0.13671274961597543
0.13650306748466257
0.1362940275650842
0.13608562691131498
0.13587786259541984
0.13567073170731708
0.136986301369863
0.13677811550151975
0.13657056145675264
0.13636363636363635
0.1361573373676248
0.13595166163141995
0.13574660633484162
0.1355421686746988
0.13533834586466165
0.13513513513513514
0.13493253373313344
0.1347305389221557
0.13452914798206278
0.13432835820895522
0.13412816691505217
0.13392857142857142
0.1337295690936107
0.13353115727002968
0.13333333333333333
0.13313609467455623
0.1329394387001477
0.13274336283185842
0.1325478645066274
0.1338235294117647
0.13362701908957417
0.13343108504398826
0.13323572474377746
0.13304093567251463
0.1343065693430657
0.13411078717201166
0.1339155749636099
0.13372093023255813
0.13352685050798258
0.13333333333333333
0.13314037626628075
0.1329479768786127
0.13275613275613277
0.13256484149855907
0.13237410071942446
0.13218390804597702
0.13199426111908177
0.1318051575931232
0.13161659513590845
0.13142857142857142
0.1312410841654779
0.13105413105413105
0.13086770981507823
0.13068181818181818
0.13049645390070921
0.13031161473087818
0.13012729844413012
0.12994350282485875
0.1311706629055007
0.13098591549295774
0.1308016877637131
0.1306179775280899
0.13043478260869565
0.13025210084033614
0.13006993006993006
0.12988826815642457
0.1297071129707113
0.12952646239554316
0.12934631432545202
0.12916666666666668
0.1289875173370319
0.12880886426592797
0.12863070539419086
0.12845303867403315
0.12827586206896552
0.128099173553719
0.1279229711141678
0.12774725274725274
0.12757201646090535
0.1273972602739726
0.12722298221614228
0.12704918032786885
0.12687585266030013
0.12670299727520437
0.12789115646258503
0.12771739130434784
0.12754409769335143
0.12737127371273713
0.12719891745602166
0.12702702702702703
0.12685560053981107
0.12668463611859837
0.126514131897712
0.12634408602150538
0.1261744966442953
0.1260053619302949
0.12583668005354753
0.1270053475935829
0.1268357810413885
0.12666666666666668
0.12649800266311584
0.12632978723404256
0.12616201859229748
0.1259946949602122
0.12582781456953643
0.12566137566137567
0.12549537648612946
0.12532981530343007
0.1251646903820817
0.125
0.12483574244415244
0.12467191601049869
0.12450851900393185
0.1243455497382199
0.12549019607843137
0.12532637075718014
0.12516297262059975
0.125
0.12613784135240572
0.12597402597402596
0.125810635538262
0.12564766839378239
0.12548512289780078
0.12532299741602068
0.12516129032258064
0.12628865979381443
0.12612612612612611
0.12596401028277635
0.1258023106546855
0.12692307692307692
0.1267605633802817
0.1265984654731458
0.12643678160919541
0.12627551020408162
0.12611464968152866
0.12595419847328243
0.12579415501905972
0.12563451776649745
0.12547528517110265
0.12531645569620253
0.12515802781289506
0.125
0.12484237074401008
0.12468513853904283
0.12452830188679245
0.12437185929648241
0.12421580928481807
0.12406015037593984
0.12390488110137672
0.12375
0.12359550561797752
0.12344139650872818
0.1232876712328767
0.12313432835820895
0.12298136645962733
0.1228287841191067
0.12267657992565056
0.12252475247524752
0.12237330037082818
0.12222222222222222
0.1220715166461159
0.12192118226600986
0.12177121771217712
0.12162162162162163
0.12147239263803682
0.1213235294117647
0.1211750305997552
0.12224938875305623
0.1221001221001221
0.12195121951219512
0.1218026796589525
0.12165450121654502
0.12150668286755771
0.12135922330097088
0.12242424242424242
0.12227602905569007
0.12333736396614269
0.12318840579710146
0.12303980699638119
0.12289156626506025
0.12274368231046931
0.12259615384615384
0.12244897959183673
0.1223021582733813
0.12215568862275449
0.12200956937799043
0.12186379928315412
0.12171837708830549
0.12157330154946365
0.12142857142857143
0.12128418549346016
0.12114014251781473
0.12099644128113879
0.12085308056872038
0.12071005917159763
0.12056737588652482
0.1204250295159386
0.1214622641509434
0.12131919905771496
0.1223529411764706
0.12220916568742655
0.12206572769953052
0.12192262602579132
0.12177985948477751
0.1216374269005848
0.12149532710280374
0.12135355892648775
0.12121212121212122
0.1210710128055879
0.12209302325581395
0.12195121951219512
0.12180974477958237
0.12166859791425261
0.12152777777777778
0.12138728323699421
0.12124711316397228
0.12110726643598616
0.12096774193548387
0.12082853855005754
0.1206896551724138
0.12055109070034443
0.12041284403669725
0.12027491408934708
0.12013729977116705
0.12
0.11986301369863013
0.11972633979475485
0.11958997722095673
0.12059158134243458
0.12045454545454545
0.12031782065834279
0.12018140589569161
0.12117780294450736
0.12104072398190045
0.12090395480225989
0.12076749435665914
0.12175873731679819
0.12162162162162163
0.12148481439820022
0.12134831460674157
0.12121212121212122
0.1210762331838565
0.12094064949608063
0.12080536912751678
0.12067039106145251
0.12053571428571429
0.12040133779264214
0.12026726057906459
0.12013348164627363
0.12
0.11986681465038845
0.1197339246119734
0.11960132890365449
0.12057522123893805
0.12154696132596685
0.12141280353200883
0.12127894156560089
0.1211453744493392
0.12101210121012101
0.12197802197802197
0.12184412733260154
0.12280701754385964
0.12267250821467689
0.12253829321663019
0.12240437158469945
0.1222707423580786
0.12213740458015267
0.12200435729847495
0.12187159956474429
0.12173913043478261
0.12160694896851248
0.12147505422993492
0.12134344528710726
0.12121212121212122
0.12108108108108108
0.12095032397408208
0.12081984897518878
0.1206896551724138
0.12055974165769645
0.12043010752688173
0.12030075187969924
0.12017167381974249
0.12111468381564845
0.12098501070663811
0.12085561497326203
0.12072649572649573
0.12059765208110992
0.12046908315565032
0.12034078807241747
0.1202127659574468
0.12008501594048884
0.11995753715498939
0.11983032873807
0.11970338983050847
0.11957671957671957
0.11945031712473574
0.11932418162618796
0.11919831223628692
0.11907270811380401
0.11894736842105263
0.11882229232386961
0.11869747899159663
0.11857292759706191
0.11844863731656184
0.11832460732984293
0.11820083682008369
0.1180773249738767
0.11795407098121086
0.11783107403545359
0.11770833333333333
0.11758584807492195
0.11746361746361747
0.11734164070612668
0.11825726141078838
0.11813471502590674
0.11801242236024845
0.11789038262668046
0.11776859504132231
0.11764705882352941
0.11752577319587629
0.11740473738414006
0.11728395061728394
0.1171634121274409
0.11704312114989733
0.11692307692307692
0.1168032786885246
0.11668372569089049
0.1165644171779141
0.11746680286006128
0.11734693877551021
0.11722731906218145
0.11710794297352342
0.11698880976602238
0.11686991869918699
0.116751269035533
0.11663286004056796
0.11651469098277609
0.11639676113360324
0.11627906976744186
0.11616161616161616
0.11604439959636731
0.1159274193548387
0.11581067472306143
0.11569416498993963
0.11658291457286432
0.11646586345381527
0.11634904714142427
0.11723446893787576
0.11711711711711711
0.118
0.11788211788211789
