0.5
0.6666666666666666
0.5
0.4
0.5
0.42857142857142855
0.375
0.4444444444444444
0.4
0.36363636363636365
0.3333333333333333
0.3076923076923077
0.35714285714285715
0.3333333333333333
0.3125
0.29411764705882354
0.3333333333333333
0.3157894736842105
0.3
0.3333333333333333
0.3181818181818182
0.30434782608695654
0.2916666666666667
0.28
0.3076923076923077
0.2962962962962963
0.2857142857142857
0.27586206896551724
0.26666666666666666
0.25806451612903225
0.25
0.24242424242424243
0.23529411764705882
0.22857142857142856
0.2222222222222222
0.21621621621621623
0.21052631578947367
0.20512820512820512
0.2
0.1951219512195122
0.19047619047619047
0.20930232558139536
0.20454545454545456
0.2
0.21739130434782608
0.2127659574468085
0.20833333333333334
0.20408163265306123
0.2
0.19607843137254902
0.21153846153846154
0.20754716981132076
0.2037037037037037
0.2
0.21428571428571427
0.21052631578947367
0.20689655172413793
0.2033898305084746
0.2
0.19672131147540983
0.20967741935483872
0.2222222222222222
0.21875
0.2153846153846154
0.21212121212121213
0.22388059701492538
0.23529411764705882
0.2318840579710145
0.22857142857142856
0.22535211267605634
0.2222222222222222
0.2191780821917808
0.21621621621621623
0.22666666666666666
0.2236842105263158
0.22077922077922077
0.21794871794871795
0.21518987341772153
0.225
0.2222222222222222
0.23170731707317074
0.2289156626506024
0.2261904761904762
0.2235294117647059
0.22093023255813954
0.21839080459770116
0.2159090909090909
0.2247191011235955
0.2222222222222222
0.23076923076923078
0.22826086956521738
0.22580645161290322
0.22340425531914893
0.22105263157894736
0.22916666666666666
0.2268041237113402
0.22448979591836735
0.2222222222222222
0.22
0.21782178217821782
0.21568627450980393
0.22330097087378642
0.22115384615384615
0.21904761904761905
0.22641509433962265
0.2336448598130841
0.23148148148148148
0.22935779816513763
0.22727272727272727
0.22522522522522523
0.22321428571428573
0.22123893805309736
0.21929824561403508
0.21739130434782608
0.21551724137931033
0.21367521367521367
0.211864406779661
0.21008403361344538
0.20833333333333334
0.2066115702479339
0.20491803278688525
0.2032520325203252
0.20967741935483872
0.208
0.20634920634920634
0.2125984251968504
0.21875
0.2248062015503876
0.2230769230769231
0.22137404580152673
0.2196969696969697
0.21804511278195488
0.21641791044776118
0.21481481481481482
0.21323529411764705
0.2116788321167883
0.21014492753623187
0.20863309352517986
0.20714285714285716
0.20567375886524822
0.2112676056338028
0.2097902097902098
0.20833333333333334
0.20689655172413793
0.2054794520547945
0.20408163265306123
0.20270270270270271
0.20134228187919462
0.2
0.1986754966887417
0.19736842105263158
0.19607843137254902
0.19480519480519481
0.2
0.1987179487179487
0.19745222929936307
0.1962025316455696
0.1949685534591195
0.19375
0.19254658385093168
0.19135802469135801
0.1901840490797546
0.18902439024390244
0.18787878787878787
0.18674698795180722
0.18562874251497005
0.19047619047619047
0.1893491124260355
0.18823529411764706
0.1871345029239766
0.18604651162790697
0.18497109826589594
0.1839080459770115
0.18285714285714286
0.1875
0.1864406779661017
0.1853932584269663
0.18435754189944134
0.18333333333333332
0.18232044198895028
0.1813186813186813
0.18032786885245902
0.1793478260869565
0.1783783783783784
0.1774193548387097
0.17647058823529413
0.18085106382978725
0.17989417989417988
0.17894736842105263
0.17801047120418848
0.17708333333333334
0.17616580310880828
0.18041237113402062
0.1794871794871795
0.17857142857142858
0.17766497461928935
0.17676767676767677
0.17587939698492464
0.175
0.17412935323383086
0.1782178217821782
0.17733990147783252
0.17647058823529413
0.17560975609756097
0.17475728155339806
0.17391304347826086
0.17307692307692307
0.1722488038277512
0.17142857142857143
0.17061611374407584
0.16981132075471697
0.16901408450704225
0.16822429906542055
0.16744186046511628
0.16666666666666666
0.16589861751152074
0.1651376146788991
0.1643835616438356
0.16363636363636364
0.16289592760180996
0.16216216216216217
0.16591928251121077
0.16517857142857142
0.16444444444444445
0.16371681415929204
0.16299559471365638
0.16228070175438597
0.1615720524017467
0.1608695652173913
0.16017316017316016
0.15948275862068967
0.15879828326180256
0.1581196581196581
0.16170212765957448
0.16101694915254236
0.16455696202531644
0.1638655462184874
0.16317991631799164
0.1625
0.16182572614107885
0.16115702479338842
0.16049382716049382
0.1598360655737705
0.15918367346938775
0.15853658536585366
0.15789473684210525
0.15725806451612903
0.1566265060240964
0.156
0.1593625498007968
0.15873015873015872
0.15810276679841898
0.15748031496062992
0.1607843137254902
0.16015625
0.15953307392996108
0.15891472868217055
0.16216216216216217
0.16153846153846155
0.16091954022988506
0.16412213740458015
0.1634980988593156
0.16287878787878787
0.16226415094339622
0.16165413533834586
0.16104868913857678
0.16044776119402984
0.15985130111524162
0.15925925925925927
0.15867158671586715
0.15808823529411764
0.1575091575091575
0.15693430656934307
0.15636363636363637
0.15579710144927536
0.1552346570397112
0.15467625899280577
0.15412186379928317
0.15357142857142858
0.15302491103202848
0.1524822695035461
0.15547703180212014
0.15492957746478872
0.1543859649122807
0.15384615384615385
0.15331010452961671
0.1527777777777778
0.15570934256055363
0.15517241379310345
0.15463917525773196
0.1541095890410959
0.15358361774744028
0.15306122448979592
0.15254237288135594
0.15202702702702703
0.15151515151515152
0.15100671140939598
0.1505016722408027
0.15
0.14950166112956811
0.1490066225165563
0.1485148514851485
0.14802631578947367
0.14754098360655737
0.14705882352941177
0.1465798045602606
0.1461038961038961
0.14563106796116504
0.14516129032258066
0.14469453376205788
0.14423076923076922
0.14376996805111822
0.14331210191082802
0.14285714285714285
0.14556962025316456
0.14511041009463724
0.14465408805031446
0.14420062695924765
0.14375
0.14641744548286603
0.14906832298136646
0.14860681114551083
0.14814814814814814
0.1476923076923077
0.147239263803681
0.14678899082568808
0.14634146341463414
0.1458966565349544
0.1484848484848485
0.14803625377643503
0.14759036144578314
0.14714714714714713
0.1467065868263473
0.14626865671641792
0.14583333333333334
0.14540059347181009
0.14792899408284024
0.14749262536873156
0.14705882352941177
0.1466275659824047
0.14619883040935672
0.14868804664723032
0.14825581395348839
0.14782608695652175
0.14739884393063585
0.14697406340057637
0.14655172413793102
0.14613180515759314
0.1457142857142857
0.1452991452991453
0.14488636363636365
0.14447592067988668
0.1440677966101695
0.14366197183098592
0.14325842696629212
0.14285714285714285
0.1424581005586592
0.14206128133704735
0.14166666666666666
0.14127423822714683
0.1408839779005525
0.14049586776859505
0.1401098901098901
0.13972602739726028
0.13934426229508196
0.13896457765667575
0.13858695652173914
0.13821138211382114
0.13783783783783785
0.13746630727762804
0.13709677419354838
0.13672922252010725
0.13636363636363635
0.136
0.1356382978723404
0.13527851458885942
0.13756613756613756
0.13720316622691292
0.1368421052631579
0.13648293963254593
0.13612565445026178
0.13577023498694518
0.13541666666666666
0.13506493506493505
0.13471502590673576
0.1343669250645995
0.13402061855670103
0.13367609254498714
0.13333333333333333
0.1329923273657289
0.1326530612244898
0.13231552162849872
0.1319796954314721
0.1341772151898734
0.13383838383838384
0.13602015113350127
0.135678391959799
0.13533834586466165
0.135
0.13466334164588528
0.13681592039800994
0.13647642679900746
0.13613861386138615
0.13580246913580246
0.1354679802955665
0.13513513513513514
0.13480392156862744
0.13691931540342298
0.13658536585365855
0.1362530413625304
0.13592233009708737
0.13801452784503632
0.13768115942028986
0.13734939759036144
0.13701923076923078
0.1366906474820144
0.13636363636363635
0.1360381861575179
0.1357142857142857
0.13539192399049882
0.13507109004739337
0.1347517730496454
0.13679245283018868
0.13647058823529412
0.13615023474178403
0.1358313817330211
0.13551401869158877
0.1351981351981352
0.13488372093023257
0.1345707656612529
0.13425925925925927
0.13394919168591224
0.1359447004608295
0.135632183908046
0.1353211009174312
0.13501144164759726
0.13470319634703196
0.13439635535307518
0.1340909090909091
0.1360544217687075
0.13574660633484162
0.13544018058690746
0.13513513513513514
0.1348314606741573
0.13452914798206278
0.1342281879194631
0.13616071428571427
0.13808463251670378
0.13777777777777778
0.13747228381374724
0.13716814159292035
0.1368653421633554
0.13876651982378854
0.13846153846153847
0.13815789473684212
0.13785557986870897
0.13755458515283842
0.13725490196078433
0.13695652173913042
0.13665943600867678
0.13636363636363635
0.13606911447084233
0.13793103448275862
0.13763440860215054
0.13733905579399142
0.13704496788008566
0.1388888888888889
0.13859275053304904
0.13829787234042554
0.13800424628450106
0.13771186440677965
0.13742071881606766
0.1371308016877637
0.1368421052631579
0.13655462184873948
0.13626834381551362
0.13598326359832635
0.13569937369519833
0.13541666666666666
0.13513513513513514
0.13485477178423236
0.13664596273291926
0.13636363636363635
0.1360824742268041
0.13580246913580246
0.13552361396303902
0.13524590163934427
0.13701431492842536
0.13673469387755102
0.1364562118126273
0.13617886178861788
0.1359026369168357
0.13562753036437247
0.13535353535353536
0.1350806451612903
0.13480885311871227
0.13453815261044177
0.1342685370741483
0.134
0.13373253493013973
0.13346613545816732
0.13320079522862824
0.13293650793650794
0.13267326732673268
0.1324110671936759
0.13214990138067062
0.13188976377952755
0.13163064833005894
0.13137254901960785
0.13111545988258316
0.130859375
0.13060428849902533
0.1303501945525292
0.13009708737864079
0.1298449612403101
0.12959381044487428
0.12934362934362933
0.12909441233140656
0.12884615384615383
0.12859884836852206
0.12835249042145594
0.12810707456978968
0.1297709923664122
0.1295238095238095
0.12927756653992395
0.12903225806451613
0.12878787878787878
0.1285444234404537
0.12830188679245283
0.128060263653484
0.12781954887218044
0.1275797373358349
0.12734082397003746
0.12710280373831775
0.12686567164179105
0.1266294227188082
0.12639405204460966
0.1261595547309833
0.1259259259259259
0.1256931608133087
0.12546125461254612
0.1252302025782689
0.125
0.12477064220183487
0.12454212454212454
0.12431444241316271
0.12408759124087591
0.12386156648451731
0.12363636363636364
0.12341197822141561
0.12318840579710146
0.12296564195298372
0.12274368231046931
0.12252252252252252
0.1223021582733813
0.12208258527827648
0.12186379928315412
0.12164579606440072
0.12142857142857143
0.12121212121212122
0.12277580071174377
0.12255772646536411
0.12234042553191489
0.12212389380530973
0.12190812720848057
0.12169312169312169
0.12147887323943662
0.12126537785588752
0.12280701754385964
0.12259194395796848
0.12237762237762238
0.12216404886561955
0.12195121951219512
0.12173913043478261
0.12152777777777778
0.12131715771230503
0.12110726643598616
0.1226252158894646
0.12241379310344827
0.12220309810671257
0.12199312714776632
0.1234991423670669
0.1232876712328767
0.12307692307692308
0.12286689419795221
0.12265758091993186
0.12244897959183673
0.12224108658743633
0.12203389830508475
0.1218274111675127
0.12162162162162163
0.12141652613827993
0.12121212121212122
0.12100840336134454
0.12080536912751678
0.12060301507537688
0.12040133779264214
0.12020033388981637
0.12
0.11980033277870217
0.11960132890365449
0.11940298507462686
0.11920529801324503
0.11900826446280992
0.1188118811881188
0.1186161449752883
0.11842105263157894
0.11822660098522167
0.1180327868852459
0.11783960720130933
0.11764705882352941
0.11745513866231648
0.11726384364820847
0.11707317073170732
0.11688311688311688
0.1166936790923825
0.11650485436893204
0.11631663974151858
0.11612903225806452
0.11594202898550725
0.1157556270096463
0.11556982343499198
0.11538461538461539
0.1152
0.11501597444089456
0.11483253588516747
0.11464968152866242
0.11446740858505565
0.11428571428571428
0.11568938193343899
0.11550632911392406
0.11532385466034756
0.11514195583596215
0.11496062992125984
0.11477987421383648
0.11459968602825746
0.11442006269592477
0.11424100156494522
0.1140625
0.11388455538221529
0.11370716510903427
0.1150855365474339
0.11490683229813664
0.11472868217054263
0.11455108359133127
0.1143740340030912
0.11419753086419752
0.1140215716486903
0.11384615384615385
0.11367127496159754
0.11349693251533742
0.11332312404287902
0.11314984709480122
0.11297709923664122
0.11280487804878049
0.1126331811263318
0.11246200607902736
0.11229135053110774
0.11212121212121212
0.11195158850226929
0.11178247734138973
0.11161387631975868
0.11144578313253012
0.11127819548872181
0.1111111111111111
0.11094452773613193
0.11077844311377245
0.11061285500747384
0.11044776119402985
0.11028315946348734
0.11011904761904762
0.11144130757800892
0.11127596439169139
0.1111111111111111
0.11094674556213018
0.11078286558345643
0.11061946902654868
0.11045655375552282
0.11029411764705882
0.11013215859030837
0.10997067448680352
0.10980966325036604
0.10964912280701754
0.10948905109489052
0.10932944606413994
0.1091703056768559
0.10901162790697674
0.10885341074020319
0.10869565217391304
0.1085383502170767
0.10982658959537572
0.10966810966810966
0.10951008645533142
0.1093525179856115
0.10919540229885058
0.10903873744619799
0.10888252148997135
0.11015736766809728
0.11
0.10984308131241084
0.10968660968660969
0.10953058321479374
0.109375
0.10921985815602837
0.11048158640226628
0.11032531824611033
0.11016949152542373
0.11001410437235543
0.10985915492957747
0.1111111111111111
0.11095505617977527
0.11079943899018233
0.11064425770308123
0.11048951048951049
0.11033519553072625
0.1101813110181311
0.11002785515320335
0.10987482614742698
0.10972222222222222
0.10957004160887657
0.11080332409972299
0.11065006915629322
0.11049723756906077
0.1103448275862069
0.11019283746556474
0.11141678129298486
0.11126373626373626
0.11248285322359397
0.11232876712328767
0.11354309165526676
0.1133879781420765
0.11323328785811733
0.11307901907356949
0.11292517006802721
0.11277173913043478
0.11261872455902307
0.11246612466124661
0.11231393775372124
0.11216216216216217
0.11201079622132254
0.11185983827493262
0.1117092866756393
0.11155913978494623
0.11275167785234899
0.1126005361930295
0.11244979919678715
0.11229946524064172
0.11214953271028037
0.112
0.1118508655126498
0.11170212765957446
0.11155378486055777
0.11140583554376658
0.11125827814569536
0.1111111111111111
0.11228533685601057
0.11213720316622691
0.11198945981554677
0.1118421052631579
0.1116951379763469
0.1115485564304462
0.11140235910878113
0.11125654450261781
0.1111111111111111
0.1122715404699739
0.11342894393741851
0.11328125
0.11313394018205461
0.11298701298701298
0.11284046692607004
0.11269430051813471
0.11254851228978008
0.11369509043927649
0.1135483870967742
0.1134020618556701
0.11454311454311454
0.11439588688946016
0.11424903722721438
0.11538461538461539
0.11523687580025609
0.11508951406649616
0.11494252873563218
0.11479591836734694
0.11464968152866242
0.11450381679389313
0.11435832274459974
0.11421319796954314
0.11406844106463879
0.11392405063291139
0.11378002528445007
0.11363636363636363
0.11349306431273644
0.11335012594458438
0.11320754716981132
0.11306532663316583
0.11292346298619825
0.11278195488721804
0.11264080100125157
0.1125
0.11235955056179775
0.11221945137157108
0.11207970112079702
0.11194029850746269
0.11304347826086956
0.11290322580645161
0.1127633209417596
0.11262376237623763
0.11248454882571075
0.11234567901234568
0.11220715166461159
0.11206896551724138
0.11193111931119311
0.11179361179361179
0.1116564417177914
0.11151960784313726
0.11138310893512852
0.11124694376528117
0.1111111111111111
0.11219512195121951
0.11327649208282582
0.11313868613138686
0.11300121506682867
0.11286407766990292
0.11393939393939394
0.11380145278450363
0.11487303506650544
0.11473429951690821
0.11459589867310012
0.11566265060240964
0.11552346570397112
0.11538461538461539
0.11524609843937575
0.11510791366906475
0.11497005988023952
0.11483253588516747
0.11469534050179211
0.11455847255369929
0.11561382598331346
0.11547619047619048
0.11533888228299644
0.11520190023752969
0.11506524317912219
0.11492890995260663
0.11479289940828402
0.11465721040189125
0.11452184179456906
0.11438679245283019
0.11425206124852769
0.11411764705882353
0.11398354876615746
0.11384976525821597
0.11371629542790153
0.11358313817330211
0.11345029239766082
0.1133177570093458
0.11318553092182031
0.11305361305361306
0.11292200232828871
0.1127906976744186
0.11265969802555169
0.11252900232018562
0.11239860950173812
0.11342592592592593
0.11329479768786127
0.11316397228637413
0.11303344867358708
0.11290322580645161
0.11392405063291139
0.11379310344827587
0.11366245694603903
0.11353211009174312
0.1145475372279496
0.11441647597254005
0.11428571428571428
0.1141552511415525
0.11402508551881414
0.11389521640091116
0.11376564277588168
0.11363636363636363
0.11350737797956867
0.11337868480725624
0.1143827859569649
0.11425339366515837
0.11412429378531073
0.11399548532731377
0.11386696730552424
0.11373873873873874
0.11361079865016872
0.1146067415730337
0.11447811447811448
0.11434977578475336
0.11422172452407615
0.11409395973154363
0.11396648044692738
0.11383928571428571
0.11482720178372352
0.11469933184855234
0.11457174638487208
0.11444444444444445
0.11431742508324085
0.11419068736141907
0.11406423034330011
0.11393805309734513
0.1138121546961326
0.11368653421633554
0.11356119073869901
0.11343612334801761
0.11331133113311331
0.11318681318681319
0.11306256860592755
0.11293859649122807
0.11281489594742607
0.1137855579868709
0.11366120218579236
0.11353711790393013
0.1134133042529989
0.11328976034858387
0.11425462459194777
0.11413043478260869
0.11400651465798045
0.113882863340564
0.11375947995666305
0.11471861471861472
0.11459459459459459
0.11447084233261338
0.11434735706580366
0.11422413793103449
0.11410118406889128
0.11397849462365592
0.11385606874328678
0.11373390557939914
0.11361200428724544
0.11349036402569593
0.11336898395721925
0.11431623931623931
0.1152614727854856
0.1162046908315565
0.11608093716719915
0.11595744680851064
0.11583421891604676
0.11571125265392782
0.11558854718981973
0.11546610169491525
0.11534391534391535
0.11522198731501057
0.11510031678986272
0.1149789029535865
0.1148577449947313
0.11578947368421053
0.1156677181913775
0.11554621848739496
0.11542497376705142
0.11530398322851153
0.11518324607329843
0.11506276150627615
0.11494252873563218
0.11586638830897704
0.11574556830031282
0.115625
0.11550468262226847
0.11538461538461539
0.11526479750778816
0.11618257261410789
0.11606217616580311
0.11594202898550725
0.11582213029989659
0.11570247933884298
0.11558307533539731
0.1154639175257732
0.11534500514933059
0.11522633744855967
0.11510791366906475
0.11498973305954825
0.11487179487179487
0.11475409836065574
0.11463664278403275
0.11451942740286299
0.11440245148110317
0.11428571428571428
0.11416921508664628
0.11405295315682282
0.11393692777212615
0.11382113821138211
0.11370558375634518
0.11359026369168357
0.11347517730496454
0.11336032388663968
0.11324570273003033
0.11313131313131314
0.11301715438950555
0.11290322580645161
0.11278952668680765
0.11267605633802817
0.11256281407035176
0.11244979919678715
0.1123370110330993
0.11222444889779559
0.11211211211211211
0.112
0.11188811188811189
