0.0
0.0
0.25
0.4
0.3333333333333333
0.42857142857142855
0.5
0.5555555555555556
0.6
0.5454545454545454
0.5
0.46153846153846156
0.42857142857142855
0.4
0.375
0.35294117647058826
0.3333333333333333
0.3684210526315789
0.35
0.3333333333333333
0.36363636363636365
0.34782608695652173
0.375
0.36
0.38461538461538464
0.4074074074074074
0.39285714285714285
0.41379310344827586
0.4
0.3870967741935484
0.375
0.36363636363636365
0.35294117647058826
0.34285714285714286
0.3333333333333333
0.32432432432432434
0.34210526315789475
0.358974358974359
0.35
0.34146341463414637
0.35714285714285715
0.3488372093023256
0.3409090909090909
0.35555555555555557
0.34782608695652173
0.3617021276595745
0.3541666666666667
0.3469387755102041
0.34
0.3333333333333333
0.3269230769230769
0.32075471698113206
0.3148148148148148
0.3090909090909091
0.30357142857142855
0.2982456140350877
0.29310344827586204
0.288135593220339
0.2833333333333333
0.2786885245901639
0.2903225806451613
0.2857142857142857
0.296875
0.2923076923076923
0.2878787878787879
0.2835820895522388
0.27941176470588236
0.2753623188405797
0.2714285714285714
0.2676056338028169
0.2638888888888889
0.2602739726027397
0.25675675675675674
0.25333333333333335
0.25
0.2597402597402597
0.2564102564102564
0.26582278481012656
0.2625
0.25925925925925924
0.25609756097560976
0.25301204819277107
0.2619047619047619
0.25882352941176473
0.26744186046511625
0.26436781609195403
0.26136363636363635
0.25842696629213485
0.25555555555555554
0.25274725274725274
0.25
0.24731182795698925
0.24468085106382978
0.24210526315789474
0.25
0.24742268041237114
0.24489795918367346
0.24242424242424243
0.24
0.2376237623762376
0.24509803921568626
0.24271844660194175
0.25
0.2571428571428571
0.25471698113207547
0.2523364485981308
0.25925925925925924
0.25688073394495414
0.2636363636363636
0.2702702702702703
0.26785714285714285
0.2743362831858407
0.2719298245614035
0.2782608695652174
0.27586206896551724
0.27350427350427353
0.2711864406779661
0.2689075630252101
0.275
0.2727272727272727
0.27049180327868855
0.2682926829268293
0.2661290322580645
0.264
0.2698412698412698
0.2677165354330709
0.265625
0.2713178294573643
0.2692307692307692
0.26717557251908397
0.26515151515151514
0.2631578947368421
0.26119402985074625
0.25925925925925924
0.25735294117647056
0.25547445255474455
0.2608695652173913
0.2589928057553957
0.2571428571428571
0.2553191489361702
0.2535211267605634
0.25874125874125875
0.2569444444444444
0.25517241379310346
0.2534246575342466
0.2585034013605442
0.25675675675675674
0.2550335570469799
0.25333333333333335
0.25165562913907286
0.25
0.2549019607843137
0.2532467532467532
0.25161290322580643
0.25
0.2484076433121019
0.2468354430379747
0.25157232704402516
0.25
0.2484472049689441
0.24691358024691357
0.24539877300613497
0.25
0.24848484848484848
0.2469879518072289
0.24550898203592814
0.24404761904761904
0.24260355029585798
0.2411764705882353
0.24561403508771928
0.2441860465116279
0.24277456647398843
0.2413793103448276
0.24
0.23863636363636365
0.23728813559322035
0.23595505617977527
0.2346368715083799
0.23333333333333334
0.23204419889502761
0.23076923076923078
0.22950819672131148
0.22826086956521738
0.22702702702702704
0.22580645161290322
0.22459893048128343
0.22340425531914893
0.2222222222222222
0.22105263157894736
0.2198952879581152
0.21875
0.21761658031088082
0.21649484536082475
0.2153846153846154
0.21428571428571427
0.2131979695431472
0.21212121212121213
0.21105527638190955
0.21
0.208955223880597
0.21287128712871287
0.21182266009852216
0.2107843137254902
0.2097560975609756
0.2087378640776699
0.20772946859903382
0.20673076923076922
0.20574162679425836
0.20476190476190476
0.2037914691943128
0.2028301886792453
0.20187793427230047
0.20093457943925233
0.2
0.19907407407407407
0.19815668202764977
0.19724770642201836
0.1963470319634703
0.19545454545454546
0.19457013574660634
0.1981981981981982
0.19730941704035873
0.19642857142857142
0.19555555555555557
0.19911504424778761
0.19823788546255505
0.20175438596491227
0.20087336244541484
0.2
0.19913419913419914
0.19827586206896552
0.19742489270386265
0.19658119658119658
0.19574468085106383
0.19491525423728814
0.1940928270042194
0.19327731092436976
0.19246861924686193
0.19166666666666668
0.1908713692946058
0.19008264462809918
0.18930041152263374
0.1885245901639344
0.18775510204081633
0.18699186991869918
0.1862348178137652
0.18548387096774194
0.18473895582329317
0.184
0.18725099601593626
0.1865079365079365
0.1857707509881423
0.18503937007874016
0.1843137254901961
0.18359375
0.1828793774319066
0.1821705426356589
0.18146718146718147
0.18076923076923077
0.18007662835249041
0.17938931297709923
0.17870722433460076
0.17803030303030304
0.17735849056603772
0.17669172932330826
0.1760299625468165
0.17537313432835822
0.17472118959107807
0.17407407407407408
0.17343173431734318
0.17279411764705882
0.17216117216117216
0.17153284671532848
0.1709090909090909
0.17028985507246377
0.17328519855595667
0.17625899280575538
0.17562724014336917
0.175
0.17437722419928825
0.17375886524822695
0.17314487632508835
0.17253521126760563
0.17192982456140352
0.17132867132867133
0.17073170731707318
0.1701388888888889
0.17301038062283736
0.1724137931034483
0.1718213058419244
0.17123287671232876
0.17064846416382254
0.17006802721088435
0.1694915254237288
0.16891891891891891
0.16835016835016836
0.16778523489932887
0.16722408026755853
0.16666666666666666
0.16611295681063123
0.16556291390728478
0.16501650165016502
0.16447368421052633
0.16393442622950818
0.16339869281045752
0.16286644951140064
0.16233766233766234
0.16181229773462782
0.16129032258064516
0.1607717041800643
0.16025641025641027
0.1597444089456869
0.1592356687898089
0.15873015873015872
0.15822784810126583
0.15772870662460567
0.15723270440251572
0.15673981191222572
0.15625
0.1557632398753894
0.15527950310559005
0.15479876160990713
0.15432098765432098
0.15384615384615385
0.15337423312883436
0.1529051987767584
0.1524390243902439
0.1519756838905775
0.15151515151515152
0.1510574018126888
0.15060240963855423
0.15015015015015015
0.1497005988023952
0.14925373134328357
0.1488095238095238
0.1513353115727003
0.15088757396449703
0.1504424778761062
0.15
0.1495601173020528
0.14912280701754385
0.14868804664723032
0.1511627906976744
0.15072463768115943
0.1531791907514451
0.15273775216138327
0.15229885057471265
0.1518624641833811
0.15142857142857144
0.150997150997151
0.15056818181818182
0.1501416430594901
0.1497175141242938
0.14929577464788732
0.14887640449438203
0.1484593837535014
0.14804469273743018
0.14763231197771587
0.14722222222222223
0.14681440443213298
0.1464088397790055
0.14600550964187328
0.14560439560439561
0.14520547945205478
0.1448087431693989
0.1444141689373297
0.14402173913043478
0.14363143631436315
0.14324324324324325
0.14285714285714285
0.1424731182795699
0.14209115281501342
0.14171122994652408
0.14133333333333334
0.14095744680851063
0.14058355437665782
0.1402116402116402
0.13984168865435356
0.1394736842105263
0.13910761154855644
0.1387434554973822
0.1409921671018277
0.140625
0.14025974025974025
0.14248704663212436
0.1421188630490956
0.14175257731958762
0.14138817480719795
0.14358974358974358
0.1432225063938619
0.14285714285714285
0.14249363867684478
0.14213197969543148
0.14177215189873418
0.1414141414141414
0.14105793450881612
0.1407035175879397
0.14035087719298245
0.14
0.1396508728179551
0.1417910447761194
0.141439205955335
0.14108910891089108
0.14074074074074075
0.14039408866995073
0.14004914004914004
0.13970588235294118
0.1393643031784841
0.14146341463414633
0.1411192214111922
0.1407766990291262
0.14043583535108958
0.14009661835748793
0.13975903614457832
0.13942307692307693
0.14148681055155876
0.14354066985645933
0.1431980906921241
0.14285714285714285
0.14251781472684086
0.14218009478672985
0.14184397163120568
0.14150943396226415
0.1411764705882353
0.14084507042253522
0.1405152224824356
0.14018691588785046
0.13986013986013987
0.13953488372093023
0.14153132250580047
0.1412037037037037
0.14087759815242495
0.14055299539170507
0.14022988505747128
0.13990825688073394
0.13958810068649885
0.13926940639269406
0.13895216400911162
0.13863636363636364
0.1383219954648526
0.13800904977375567
0.13769751693002258
0.1373873873873874
0.13707865168539327
0.1367713004484305
0.13646532438478748
0.13616071428571427
0.1358574610244989
0.13555555555555557
0.1352549889135255
0.13495575221238937
0.1346578366445916
0.1343612334801762
0.13406593406593406
0.1337719298245614
0.13347921225382933
0.1331877729257642
0.1328976034858388
0.13260869565217392
0.13449023861171366
0.1341991341991342
0.13390928725701945
0.1336206896551724
0.13333333333333333
0.13304721030042918
0.13276231263383298
0.13247863247863248
0.13432835820895522
0.13404255319148936
0.1337579617834395
0.13347457627118645
0.1331923890063425
0.13291139240506328
0.13263157894736843
0.13445378151260504
0.13417190775681342
0.13389121338912133
0.1336116910229645
0.13333333333333333
0.13305613305613306
0.13278008298755187
0.13457556935817805
0.13429752066115702
0.13402061855670103
0.1337448559670782
0.13347022587268995
0.13319672131147542
0.1329243353783231
0.1346938775510204
0.13441955193482688
0.13414634146341464
0.13387423935091278
0.13360323886639677
0.13333333333333333
0.13306451612903225
0.13279678068410464
0.13253012048192772
0.13226452905811623
0.132
0.1317365269461078
0.13147410358565736
0.1312127236580517
0.13095238095238096
0.1306930693069307
0.13043478260869565
0.1301775147928994
0.12992125984251968
0.12966601178781925
0.12941176470588237
0.12915851272015655
0.12890625
0.1286549707602339
0.12840466926070038
0.12815533980582525
0.12790697674418605
0.1276595744680851
0.1274131274131274
0.12716763005780346
0.12692307692307692
0.12667946257197696
0.12643678160919541
0.12619502868068833
0.12595419847328243
0.12571428571428572
0.12547528517110265
0.1252371916508539
0.125
0.12476370510396975
0.12641509433962264
0.12617702448210924
0.12593984962406016
0.12570356472795496
0.1254681647940075
0.1252336448598131
0.125
0.12476722532588454
0.12453531598513011
0.1261595547309833
0.1259259259259259
0.1256931608133087
0.12730627306273062
0.1270718232044199
0.12683823529411764
0.12660550458715597
0.12637362637362637
0.12614259597806216
0.1259124087591241
0.12568306010928962
0.12545454545454546
0.12522686025408347
0.125
0.12477396021699819
0.1263537906137184
0.12612612612612611
0.12589928057553956
0.12567324955116696
0.12544802867383512
0.1252236135957066
0.125
0.12477718360071301
0.12455516014234876
0.12433392539964476
0.12411347517730496
0.12389380530973451
0.12367491166077739
0.12345679012345678
0.12323943661971831
0.12478031634446397
0.12456140350877193
0.12609457092819615
0.1258741258741259
0.1256544502617801
0.12717770034843207
0.12695652173913044
0.1267361111111111
0.12824956672443674
0.12802768166089964
0.12780656303972365
0.12758620689655173
0.12736660929432014
0.12714776632302405
0.1269296740994854
0.1267123287671233
0.1264957264957265
0.12627986348122866
0.1260647359454855
0.12585034013605442
0.12563667232597622
0.12542372881355932
0.12521150592216582
0.125
0.12478920741989882
0.12457912457912458
0.12436974789915967
0.12416107382550336
0.12395309882747069
0.12374581939799331
0.12353923205342238
0.12333333333333334
0.12312811980033278
0.12292358803986711
0.12271973466003316
0.12251655629139073
0.12231404958677686
0.12211221122112212
0.12191103789126853
0.12171052631578948
0.12315270935960591
0.12459016393442623
0.12438625204582651
0.12418300653594772
0.12398042414355628
0.1237785016286645
0.12520325203252033
0.125
0.12479740680713128
0.12459546925566344
0.12439418416801293
0.12419354838709677
0.12399355877616747
0.12379421221864952
0.12359550561797752
0.1233974358974359
0.1232
0.12300319488817892
0.12280701754385964
0.12261146496815287
0.12400635930047695
0.12380952380952381
0.12361331220285261
0.12341772151898735
0.12322274881516587
0.12302839116719243
0.12283464566929134
0.12264150943396226
0.12244897959183673
0.12225705329153605
0.12363067292644757
0.1234375
0.12324492979719189
0.12305295950155763
0.12286158631415241
0.12267080745341614
0.12248062015503876
0.1238390092879257
0.12364760432766615
0.125
0.12480739599383667
0.12461538461538461
0.12442396313364056
0.12423312883435583
0.12404287901990811
0.12385321100917432
0.12366412213740458
0.12347560975609756
0.1232876712328767
0.12310030395136778
0.12291350531107739
0.12272727272727273
0.12254160363086233
0.12235649546827794
0.12217194570135746
0.12349397590361445
0.12330827067669173
0.12312312312312312
0.12293853073463268
0.12275449101796407
0.12257100149476831
0.12238805970149254
0.12220566318926974
0.12351190476190477
0.12332838038632987
0.12314540059347182
0.12296296296296297
0.1227810650887574
0.12259970457902511
0.1224188790560472
0.12223858615611193
0.12205882352941176
0.12187958883994127
0.1217008797653959
0.12152269399707175
0.12134502923976608
0.12116788321167883
0.12099125364431487
0.12081513828238719
0.12063953488372094
0.1204644412191582
0.12028985507246377
0.12156295224312591
0.12138728323699421
0.12121212121212122
0.12103746397694524
0.12086330935251799
0.1206896551724138
0.12051649928263988
0.12177650429799428
0.12160228898426323
0.12142857142857143
0.12125534950071326
0.12108262108262108
0.12091038406827881
0.12073863636363637
0.12056737588652482
0.12039660056657224
0.12022630834512023
0.12005649717514125
0.11988716502115655
0.11971830985915492
0.11954992967651196
0.11938202247191011
0.11921458625525946
0.11904761904761904
0.11888111888111888
0.11871508379888268
0.11854951185495119
0.11838440111420613
0.11961057023643949
0.11944444444444445
0.11927877947295423
0.11911357340720222
0.11894882434301521
0.11878453038674033
0.12
0.11983471074380166
0.11966987620357634
0.11950549450549451
0.11934156378600823
0.11917808219178082
0.11901504787961696
0.11885245901639344
0.12005457025920874
0.11989100817438691
0.11972789115646258
0.11956521739130435
0.11940298507462686
0.12059620596205962
0.12043301759133965
0.12027027027027028
0.12010796221322537
0.11994609164420485
0.11978465679676985
0.1196236559139785
0.11946308724832215
0.1193029490616622
0.11914323962516733
0.11898395721925134
0.11882510013351134
0.11866666666666667
0.118508655126498
0.11835106382978723
0.11819389110225764
0.11803713527851459
0.11788079470198676
0.11772486772486772
0.11756935270805813
0.11741424802110818
0.11725955204216074
0.11842105263157894
0.11826544021024968
0.11811023622047244
0.11795543905635648
0.11780104712041885
0.11764705882352941
0.1174934725848564
0.11734028683181226
0.11848958333333333
0.11833550065019506
0.11818181818181818
0.11802853437094682
0.11787564766839378
0.11772315653298836
0.11757105943152454
0.11741935483870967
0.1172680412371134
0.11711711711711711
0.11696658097686376
0.11681643132220795
0.11666666666666667
0.11651728553137004
0.11636828644501279
0.11621966794380588
0.11607142857142858
0.11719745222929936
0.11704834605597965
0.11689961880559085
0.116751269035533
0.11660329531051965
0.11645569620253164
0.11630847029077118
0.11616161616161616
0.11727616645649433
0.11712846347607053
0.11823899371069183
0.11809045226130653
0.11794228356336262
0.11779448621553884
0.11764705882352941
0.1175
0.11735330836454431
0.1172069825436409
0.11706102117061021
0.11691542288557213
0.11801242236024845
0.11786600496277916
0.11771995043370508
0.11757425742574257
0.11742892459826947
0.11728395061728394
0.11713933415536375
0.11822660098522167
0.11808118081180811
0.11793611793611794
0.11779141104294479
0.11764705882352941
0.1175030599755202
0.11735941320293398
0.11721611721611722
0.11707317073170732
0.11693057247259439
0.11678832116788321
0.11786148238153099
0.11771844660194175
0.11757575757575757
0.11743341404358354
0.11729141475211609
0.11714975845410629
0.11700844390832328
0.11686746987951807
0.11672683513838748
0.11658653846153846
0.11644657863145258
0.11630695443645084
0.11616766467065869
0.11602870813397129
0.11589008363201912
0.11575178997613365
0.11561382598331346
0.11547619047619048
0.11533888228299644
0.11520190023752969
0.11506524317912219
0.11492890995260663
0.11479289940828402
0.11465721040189125
0.11452184179456906
0.11438679245283019
0.11425206124852769
0.11529411764705882
0.11515863689776733
0.11502347417840375
0.11488862837045721
0.11475409836065574
0.11461988304093568
0.11448598130841121
0.11435239206534423
0.11421911421911422
0.1140861466821886
0.11395348837209303
0.11382113821138211
0.1136890951276102
0.11355735805330243
0.11342592592592593
0.11329479768786127
0.11316397228637413
0.11303344867358708
0.11290322580645161
0.11277330264672036
0.11264367816091954
0.11366245694603903
0.11353211009174312
0.1134020618556701
0.11327231121281464
0.11314285714285714
0.11301369863013698
0.11288483466362599
0.11275626423690205
0.11262798634812286
0.1125
0.11237230419977298
0.11337868480725624
0.11325028312570781
0.11312217194570136
0.11299435028248588
0.11286681715575621
0.11273957158962795
0.11261261261261261
0.1124859392575928
0.11235955056179775
0.1122334455667789
0.11210762331838565
0.11198208286674133
0.11185682326621924
0.11173184357541899
0.11272321428571429
0.11371237458193979
0.11358574610244988
0.11345939933259176
0.11333333333333333
0.11320754716981132
0.1130820399113082
0.11295681063122924
0.11393805309734513
0.1138121546961326
0.11479028697571744
0.11466372657111357
0.1145374449339207
0.11551155115511551
0.11538461538461539
0.11525795828759605
0.11513157894736842
0.11500547645125958
0.11487964989059081
0.11475409836065574
0.1146288209606987
0.11450381679389313
0.11437908496732026
0.11425462459194777
0.11413043478260869
0.11400651465798045
0.113882863340564
0.11375947995666305
0.11363636363636363
0.11351351351351352
0.11447084233261338
0.11434735706580366
0.11422413793103449
0.11410118406889128
0.11505376344086021
0.11493018259935553
0.1148068669527897
0.11468381564844587
0.1145610278372591
0.1144385026737968
0.11431623931623931
0.11419423692636073
0.1140724946695096
0.11395101171458999
0.11382978723404255
0.11370882040382571
0.11358811040339703
0.11346765641569459
0.11334745762711865
0.11322751322751323
0.113107822410148
0.11404435058078141
0.11392405063291139
0.11380400421496312
0.11368421052631579
0.11356466876971609
0.11449579831932773
0.11437565582371459
0.11425576519916142
0.11413612565445026
0.11506276150627615
0.11494252873563218
0.11482254697286012
0.11470281543274244
0.11458333333333333
0.11550468262226847
0.11538461538461539
0.11526479750778816
0.11514522821576763
0.11502590673575129
0.11594202898550725
0.11582213029989659
0.11673553719008264
0.11661506707946337
0.11649484536082474
0.11637487126673532
0.11625514403292181
0.11613566289825282
0.11601642710472279
0.1158974358974359
0.11577868852459017
0.11668372569089049
0.1165644171779141
0.11644535240040858
0.11632653061224489
0.1162079510703364
0.11608961303462322
0.11698880976602238
0.11686991869918699
0.116751269035533
0.11663286004056796
0.11651469098277609
0.11639676113360324
0.11627906976744186
0.11616161616161616
0.11604439959636731
0.1159274193548387
0.11581067472306143
0.11569416498993963
0.11557788944723618
0.11546184738955824
0.11534603811434303
0.11523046092184369
0.11511511511511512
0.115
0.11488511488511488
