0.5
0.6666666666666666
0.5
0.4
0.3333333333333333
0.42857142857142855
0.5
0.5555555555555556
0.6
0.6363636363636364
0.6666666666666666
0.6153846153846154
0.5714285714285714
0.5333333333333333
0.5
0.47058823529411764
0.4444444444444444
0.42105263157894735
0.4
0.38095238095238093
0.36363636363636365
0.391304347826087
0.375
0.36
0.34615384615384615
0.3333333333333333
0.32142857142857145
0.3103448275862069
0.3333333333333333
0.3548387096774194
0.34375
0.3333333333333333
0.3235294117647059
0.3142857142857143
0.3055555555555556
0.2972972972972973
0.2894736842105263
0.28205128205128205
0.275
0.2926829268292683
0.2857142857142857
0.27906976744186046
0.2727272727272727
0.26666666666666666
0.2826086956521739
0.2765957446808511
0.2708333333333333
0.2653061224489796
0.26
0.2549019607843137
0.25
0.24528301886792453
0.24074074074074073
0.23636363636363636
0.25
0.24561403508771928
0.25862068965517243
0.2542372881355932
0.25
0.2459016393442623
0.24193548387096775
0.23809523809523808
0.234375
0.23076923076923078
0.22727272727272727
0.22388059701492538
0.23529411764705882
0.2318840579710145
0.24285714285714285
0.23943661971830985
0.25
0.2465753424657534
0.24324324324324326
0.24
0.23684210526315788
0.24675324675324675
0.24358974358974358
0.24050632911392406
0.2375
0.2345679012345679
0.23170731707317074
0.2289156626506024
0.23809523809523808
0.23529411764705882
0.23255813953488372
0.2413793103448276
0.23863636363636365
0.23595505617977527
0.23333333333333334
0.23076923076923078
0.2391304347826087
0.23655913978494625
0.23404255319148937
0.23157894736842105
0.22916666666666666
0.2268041237113402
0.22448979591836735
0.2222222222222222
0.22
0.22772277227722773
0.22549019607843138
0.22330097087378642
0.22115384615384615
0.21904761904761905
0.2169811320754717
0.21495327102803738
0.21296296296296297
0.21100917431192662
0.20909090909090908
0.2072072072072072
0.20535714285714285
0.20353982300884957
0.21052631578947367
0.21739130434782608
0.21551724137931033
0.21367521367521367
0.211864406779661
0.21008403361344538
0.20833333333333334
0.2066115702479339
0.20491803278688525
0.2032520325203252
0.20161290322580644
0.2
0.1984126984126984
0.1968503937007874
0.1953125
0.1937984496124031
0.19230769230769232
0.19083969465648856
0.19696969696969696
0.19548872180451127
0.19402985074626866
0.1925925925925926
0.19117647058823528
0.1897810218978102
0.18840579710144928
0.18705035971223022
0.18571428571428572
0.18439716312056736
0.18309859154929578
0.18181818181818182
0.18055555555555555
0.1793103448275862
0.18493150684931506
0.1836734693877551
0.18243243243243243
0.18120805369127516
0.18
0.17880794701986755
0.17763157894736842
0.17647058823529413
0.17532467532467533
0.17419354838709677
0.17307692307692307
0.17197452229299362
0.17088607594936708
0.16981132075471697
0.175
0.17391304347826086
0.1728395061728395
0.17791411042944785
0.18292682926829268
0.18181818181818182
0.18072289156626506
0.17964071856287425
0.17857142857142858
0.17751479289940827
0.17647058823529413
0.17543859649122806
0.1744186046511628
0.17341040462427745
0.1724137931034483
0.17142857142857143
0.17045454545454544
0.1694915254237288
0.16853932584269662
0.16759776536312848
0.16666666666666666
0.16574585635359115
0.16483516483516483
0.16393442622950818
0.16304347826086957
0.16216216216216217
0.16666666666666666
0.1657754010695187
0.16489361702127658
0.164021164021164
0.1631578947368421
0.16230366492146597
0.16145833333333334
0.16580310880829016
0.16494845360824742
0.1641025641025641
0.16326530612244897
0.16243654822335024
0.16161616161616163
0.16080402010050251
0.16
0.15920398009950248
0.15841584158415842
0.15763546798029557
0.1568627450980392
0.15609756097560976
0.1553398058252427
0.15458937198067632
0.15384615384615385
0.15311004784688995
0.1523809523809524
0.15165876777251186
0.1509433962264151
0.15023474178403756
0.14953271028037382
0.14883720930232558
0.14814814814814814
0.14746543778801843
0.14678899082568808
0.1461187214611872
0.14545454545454545
0.14479638009049775
0.14414414414414414
0.14349775784753363
0.14285714285714285
0.14222222222222222
0.1415929203539823
0.14096916299559473
0.14035087719298245
0.13973799126637554
0.1391304347826087
0.13852813852813853
0.13793103448275862
0.13733905579399142
0.13675213675213677
0.13617021276595745
0.13559322033898305
0.1350210970464135
0.13445378151260504
0.13389121338912133
0.13333333333333333
0.13278008298755187
0.1322314049586777
0.13168724279835392
0.13114754098360656
0.1306122448979592
0.13008130081300814
0.12955465587044535
0.12903225806451613
0.1285140562248996
0.128
0.12749003984063745
0.12698412698412698
0.12648221343873517
0.12598425196850394
0.12549019607843137
0.125
0.1245136186770428
0.12403100775193798
0.12355212355212356
0.12307692307692308
0.12260536398467432
0.12213740458015267
0.12167300380228137
0.12121212121212122
0.12075471698113208
0.12030075187969924
0.1198501872659176
0.11940298507462686
0.11895910780669144
0.11851851851851852
0.11808118081180811
0.11764705882352941
0.11721611721611722
0.11678832116788321
0.11636363636363636
0.11594202898550725
0.11552346570397112
0.11510791366906475
0.11469534050179211
0.11428571428571428
0.11387900355871886
0.11347517730496454
0.11307420494699646
0.11267605633802817
0.11578947368421053
0.11538461538461539
0.11498257839721254
0.11458333333333333
0.11418685121107267
0.11379310344827587
0.1134020618556701
0.11301369863013698
0.11262798634812286
0.11224489795918367
0.1152542372881356
0.11486486486486487
0.11447811447811448
0.11409395973154363
0.11371237458193979
0.11333333333333333
0.11295681063122924
0.11258278145695365
0.11221122112211221
0.1118421052631579
0.11147540983606558
0.1111111111111111
0.11074918566775244
0.11038961038961038
0.11003236245954692
0.10967741935483871
0.10932475884244373
0.10897435897435898
0.10862619808306709
0.10828025477707007
0.10793650793650794
0.10759493670886076
0.10725552050473186
0.1069182389937107
0.10658307210031348
0.10625
0.1059190031152648
0.10559006211180125
0.10835913312693499
0.10802469135802469
0.1076923076923077
0.10736196319018405
0.10703363914373089
0.10670731707317073
0.10638297872340426
0.10606060606060606
0.10574018126888217
0.10542168674698796
0.10510510510510511
0.10479041916167664
0.1044776119402985
0.10416666666666667
0.10385756676557864
0.10355029585798817
0.10324483775811209
0.10294117647058823
0.10557184750733138
0.10526315789473684
0.10495626822157435
0.10465116279069768
0.10434782608695652
0.10404624277456648
0.1037463976945245
0.10344827586206896
0.10315186246418338
0.10285714285714286
0.10256410256410256
0.10227272727272728
0.10198300283286119
0.1016949152542373
0.10140845070422536
0.10112359550561797
0.10084033613445378
0.1005586592178771
0.10027855153203342
0.1
0.10249307479224377
0.10220994475138122
0.10192837465564739
0.10164835164835165
0.10136986301369863
0.10109289617486339
0.1008174386920981
0.10054347826086957
0.10298102981029811
0.10270270270270271
0.10242587601078167
0.10215053763440861
0.10187667560321716
0.10160427807486631
0.10133333333333333
0.10106382978723404
0.10079575596816977
0.10052910052910052
0.10026385224274406
0.1
0.09973753280839895
0.09947643979057591
0.09921671018276762
0.09895833333333333
0.1012987012987013
0.10103626943005181
0.10077519379844961
0.10051546391752578
0.10025706940874037
0.1
0.09974424552429667
0.09948979591836735
0.09923664122137404
0.09898477157360407
0.09873417721518987
0.09848484848484848
0.0982367758186398
0.09798994974874371
0.09774436090225563
0.0975
0.09725685785536159
0.09701492537313433
0.0967741935483871
0.09653465346534654
0.0962962962962963
0.0960591133004926
0.09582309582309582
0.09558823529411764
0.09535452322738386
0.0951219512195122
0.0948905109489051
0.09466019417475728
0.09443099273607748
0.09420289855072464
0.09397590361445783
0.09375
0.09352517985611511
0.09330143540669857
0.09307875894988067
0.09285714285714286
0.09263657957244656
0.0924170616113744
0.09219858156028368
0.09198113207547169
0.09176470588235294
0.09154929577464789
0.09133489461358314
0.0911214953271028
0.09090909090909091
0.09069767441860466
0.09048723897911833
0.09027777777777778
0.09006928406466513
0.08986175115207373
0.0896551724137931
0.08944954128440367
0.08924485125858124
0.08904109589041095
0.0888382687927107
0.08863636363636364
0.08843537414965986
0.08823529411764706
0.08803611738148984
0.08783783783783784
0.08764044943820225
0.08744394618834081
0.087248322147651
0.08705357142857142
0.08685968819599109
0.08888888888888889
0.08869179600886919
0.08849557522123894
0.08830022075055188
0.0881057268722467
0.08791208791208792
0.08771929824561403
0.087527352297593
0.08733624454148471
0.08714596949891068
0.08695652173913043
0.08676789587852494
0.08658008658008658
0.08639308855291576
0.08620689655172414
0.08602150537634409
0.08583690987124463
0.08565310492505353
0.08547008547008547
0.08528784648187633
0.0851063829787234
0.08492569002123142
0.0847457627118644
0.08456659619450317
0.08438818565400844
0.08421052631578947
0.08403361344537816
0.08385744234800839
0.08368200836820083
0.08350730688935282
0.08333333333333333
0.08316008316008316
0.08298755186721991
0.08281573498964803
0.08264462809917356
0.08247422680412371
0.0823045267489712
0.08213552361396304
0.08196721311475409
0.081799591002045
0.08163265306122448
0.0814663951120163
0.08130081300813008
0.08113590263691683
0.08097165991902834
0.08080808080808081
0.08064516129032258
0.08048289738430583
0.08032128514056225
0.08016032064128256
0.082
0.08183632734530938
0.08167330677290836
0.08151093439363817
0.08134920634920635
0.08118811881188119
0.08102766798418973
0.08086785009861933
0.08070866141732283
0.08055009823182711
0.0803921568627451
0.08023483365949119
0.080078125
0.07992202729044834
0.07976653696498054
0.07961165048543689
0.07945736434108527
0.07930367504835589
0.07915057915057915
0.08092485549132948
0.08076923076923077
0.08061420345489444
0.08045977011494253
0.08030592734225621
0.08015267175572519
0.08
0.07984790874524715
0.07969639468690702
0.07954545454545454
0.08128544423440454
0.08113207547169811
0.08097928436911488
0.08270676691729323
0.0825515947467167
0.08426966292134831
0.08411214953271028
0.08395522388059702
0.08379888268156424
0.08550185873605948
0.08534322820037106
0.08518518518518518
0.08687615526802218
0.08671586715867159
0.0865561694290976
0.08639705882352941
0.08623853211009175
0.08608058608058608
0.08592321755027423
0.08576642335766424
0.08743169398907104
0.08727272727272728
0.08711433756805807
0.08695652173913043
0.08860759493670886
0.08844765342960288
0.08828828828828829
0.08992805755395683
0.08976660682226212
0.08960573476702509
0.09123434704830054
0.09107142857142857
0.09090909090909091
0.09074733096085409
0.0905861456483126
0.09042553191489362
0.0920353982300885
0.09187279151943463
0.09171075837742504
0.09154929577464789
0.0913884007029877
0.0912280701754386
0.09106830122591944
0.09090909090909091
0.09075043630017451
0.09059233449477352
0.09043478260869565
0.09027777777777778
0.09012131715771231
0.08996539792387544
0.08981001727115717
0.0896551724137931
0.08950086058519793
0.08934707903780069
0.09090909090909091
0.09075342465753425
0.0905982905982906
0.09044368600682594
0.09028960817717206
0.09013605442176871
0.0899830220713073
0.08983050847457627
0.08967851099830795
0.08952702702702703
0.0893760539629005
0.08922558922558922
0.08907563025210084
0.09060402684563758
0.09045226130653267
0.0903010033444816
0.09015025041736227
0.09
0.08985024958402663
0.09136212624584718
0.0912106135986733
0.09105960264900662
0.09090909090909091
0.09075907590759076
0.09060955518945635
0.09046052631578948
0.090311986863711
0.09016393442622951
0.09001636661211129
0.08986928104575163
0.08972267536704731
0.08957654723127036
0.0910569105691057
0.09090909090909091
0.09076175040518639
0.09061488673139159
0.09046849757673667
0.09032258064516129
0.09017713365539452
0.09003215434083602
0.09149277688603531
0.09134615384615384
0.0912
0.09105431309904154
0.09090909090909091
0.09076433121019108
0.09062003179650238
0.09047619047619047
0.09033280507131537
0.09018987341772151
0.09004739336492891
0.08990536277602523
0.08976377952755905
0.09119496855345911
0.09105180533751962
0.09090909090909091
0.09076682316118936
0.090625
0.0904836193447738
0.09034267912772585
0.09020217729393468
0.09006211180124224
0.08992248062015504
0.08978328173374613
0.08964451313755796
0.08950617283950617
0.08936825885978428
0.08923076923076922
0.0890937019969278
0.08895705521472393
0.0888208269525268
0.08868501529051988
0.08854961832061069
0.08841463414634146
0.0882800608828006
0.08814589665653495
0.08801213960546282
0.08787878787878788
0.08925869894099848
0.0891238670694864
0.0889894419306184
0.08885542168674698
0.0887218045112782
0.08858858858858859
0.08845577211394302
0.08832335329341318
0.08819133034379671
0.0880597014925373
0.08792846497764531
0.08779761904761904
0.08766716196136701
0.08753709198813056
0.0874074074074074
0.08727810650887574
0.08714918759231906
0.08702064896755163
0.08836524300441827
0.08970588235294118
0.08957415565345081
0.08944281524926687
0.09077598828696926
0.09064327485380116
0.0905109489051095
0.09037900874635568
0.09024745269286755
0.09011627906976744
0.0899854862119013
0.08985507246376812
0.08972503617945007
0.08959537572254335
0.08946608946608947
0.0893371757925072
0.08920863309352518
0.08908045977011494
0.08895265423242468
0.08882521489971347
0.08869814020028613
0.08857142857142856
0.0884450784593438
0.08831908831908832
0.08961593172119488
0.08948863636363637
0.08936170212765958
0.08923512747875353
0.0891089108910891
0.08898305084745763
0.08885754583921016
0.08873239436619719
0.090014064697609
0.0898876404494382
0.091164095371669
0.09103641456582633
0.09090909090909091
0.09078212290502793
0.09065550906555091
0.0905292479108635
0.0917941585535466
0.09166666666666666
0.09153952843273232
0.09141274238227147
0.0912863070539419
0.09116022099447514
0.0910344827586207
0.09090909090909091
0.0907840440165062
0.09065934065934066
0.09053497942386832
0.09041095890410959
0.09028727770177838
0.09016393442622951
0.09004092769440655
0.08991825613079019
0.09115646258503401
0.09239130434782608
0.09226594301221167
0.0921409214092141
0.09201623815967523
0.0918918918918919
0.09176788124156546
0.09299191374663072
0.09286675639300135
0.09274193548387097
0.09261744966442953
0.0938337801608579
0.09370816599732262
0.09358288770053476
0.09345794392523364
0.09333333333333334
0.09320905459387484
0.09308510638297872
0.09296148738379814
0.09283819628647215
0.09271523178807947
0.09391534391534391
0.095112285336856
0.09498680738786279
0.09486166007905138
0.09473684210526316
0.09461235216819974
0.09580052493438321
0.09567496723460026
0.09554973821989529
0.09542483660130718
0.09530026109660575
0.09517601043024772
0.09505208333333333
0.09492847854356307
0.09480519480519481
0.0946822308690013
0.09455958549222798
0.0944372574385511
0.09431524547803617
0.09419354838709677
0.09407216494845361
0.09395109395109395
0.09383033419023136
0.09370988446726572
0.09358974358974359
0.09346991037131883
0.09335038363171355
0.09323116219667944
0.09311224489795919
0.09426751592356689
0.09414758269720101
0.0940279542566709
0.09517766497461928
0.09505703422053231
0.0949367088607595
0.09481668773704172
0.0946969696969697
0.09457755359394704
0.09571788413098237
0.09685534591194969
0.09798994974874371
0.09786700125470514
0.09774436090225563
0.09762202753441802
0.0975
0.09737827715355805
0.09725685785536159
0.09713574097135741
0.09701492537313433
0.0968944099378882
0.09801488833746898
0.09789343246592318
0.09777227722772278
0.09765142150803462
0.09753086419753086
0.09741060419235512
0.09729064039408868
0.0984009840098401
0.09828009828009827
0.09815950920245399
0.09803921568627451
0.09791921664626684
0.097799511002445
0.09768009768009768
0.0975609756097561
0.09744214372716199
0.09732360097323602
0.09720534629404617
0.0970873786407767
0.09818181818181818
0.09806295399515738
0.09794437726723096
0.09782608695652174
0.09891435464414958
0.09879518072289156
0.098676293622142
0.0985576923076923
0.09843937575030012
0.09832134292565947
0.09820359281437126
0.09808612440191387
0.0979689366786141
0.09904534606205251
0.09892729439809297
0.0988095238095238
0.09869203329369798
0.09857482185273159
0.09845788849347568
0.09834123222748815
0.09822485207100591
0.09810874704491726
0.09799291617473435
0.09787735849056604
0.0977620730270907
0.0976470588235294
0.09753231492361927
0.09741784037558686
0.09730363423212192
0.09718969555035128
0.09707602339181287
0.0969626168224299
0.09684947491248541
0.09673659673659674
0.09662398137369034
0.09651162790697675
0.09639953542392567
0.0962877030162413
0.09617612977983778
0.09722222222222222
0.09710982658959537
0.09699769053117784
0.09688581314878893
0.0967741935483871
0.09666283084004602
0.09655172413793103
0.09758897818599312
0.09747706422018348
0.09851088201603665
0.09839816933638444
0.09828571428571428
0.09817351598173515
0.09806157354618016
0.0979498861047836
0.09783845278725825
0.09772727272727273
0.09761634506242906
0.09863945578231292
0.0985277463193658
0.09841628959276018
0.09830508474576272
0.09932279909706546
0.0992108229988726
0.0990990990990991
0.09898762654668167
0.09887640449438202
0.09876543209876543
0.09865470852017937
0.09854423292273236
0.09955257270693513
0.1005586592178771
0.10044642857142858
0.10033444816053512
0.10022271714922049
0.10011123470522804
0.1
0.09988901220865705
0.1008869179600887
0.10077519379844961
0.1006637168141593
0.1005524861878453
0.10044150110375276
0.10033076074972437
0.10022026431718062
0.1001100110011001
0.1
0.09989023051591657
0.09978070175438597
0.09967141292442497
0.09956236323851203
0.0994535519125683
0.09934497816593886
0.09923664122137404
0.09912854030501089
0.10010881392818281
0.10108695652173913
0.10097719869706841
0.10086767895878525
0.10075839653304441
0.10064935064935066
0.10054054054054054
0.10151187904967603
0.10140237324703344
0.10237068965517242
0.10226049515608181
0.10215053763440861
0.10311493018259936
0.10300429184549356
0.10289389067524116
0.10278372591006424
0.10267379679144385
0.10256410256410256
0.10245464247598719
0.1023454157782516
0.10223642172523961
0.10212765957446808
0.10201912858660998
0.1029723991507431
0.10286320254506894
0.1027542372881356
0.10264550264550265
0.10253699788583509
0.10242872228088701
0.10232067510548523
0.10221285563751317
0.10210526315789474
0.10199789695057834
0.10189075630252101
0.10178384050367262
0.10167714884696016
0.10157068062827225
0.10146443514644352
0.1013584117032393
0.10125260960334029
0.10114702815432743
0.10104166666666667
0.10093652445369407
0.10187110187110188
0.10176531671858775
0.1016597510373444
0.10155440414507771
0.10144927536231885
0.10134436401240951
0.1012396694214876
0.10113519091847266
0.10103092783505155
0.10092687950566426
0.10082304526748971
0.10071942446043165
0.10061601642710473
0.10051282051282051
0.10040983606557377
0.10030706243602866
0.10020449897750511
0.10010214504596528
0.1
0.10091743119266056
0.10081466395112017
0.10071210579857579
0.10060975609756098
0.10050761421319797
0.10040567951318459
0.10030395136778116
0.10121457489878542
0.10111223458038422
0.10101010101010101
0.10090817356205853
0.10080645161290322
0.10070493454179255
0.1006036217303823
0.10050251256281408
0.10040160642570281
0.10030090270812438
0.10020040080160321
0.1001001001001001
0.1
0.0999000999000999
