0.5
0.6666666666666666
0.5
0.4
0.5
0.42857142857142855
0.5
0.4444444444444444
0.4
0.45454545454545453
0.4166666666666667
0.38461538461538464
0.35714285714285715
0.3333333333333333
0.3125
0.29411764705882354
0.2777777777777778
0.2631578947368421
0.25
0.23809523809523808
0.22727272727272727
0.21739130434782608
0.20833333333333334
0.2
0.23076923076923078
0.2222222222222222
0.21428571428571427
0.20689655172413793
0.2
0.22580645161290322
0.21875
0.21212121212121213
0.20588235294117646
0.2
0.19444444444444445
0.1891891891891892
0.18421052631578946
0.1794871794871795
0.175
0.17073170731707318
0.16666666666666666
0.16279069767441862
0.1590909090909091
0.15555555555555556
0.15217391304347827
0.1702127659574468
0.16666666666666666
0.16326530612244897
0.18
0.17647058823529413
0.17307692307692307
0.18867924528301888
0.18518518518518517
0.18181818181818182
0.19642857142857142
0.19298245614035087
0.1896551724137931
0.1864406779661017
0.2
0.19672131147540983
0.1935483870967742
0.19047619047619047
0.1875
0.18461538461538463
0.18181818181818182
0.1791044776119403
0.17647058823529413
0.18840579710144928
0.18571428571428572
0.18309859154929578
0.18055555555555555
0.1780821917808219
0.17567567567567569
0.18666666666666668
0.19736842105263158
0.2077922077922078
0.20512820512820512
0.20253164556962025
0.2
0.19753086419753085
0.1951219512195122
0.1927710843373494
0.19047619047619047
0.18823529411764706
0.19767441860465115
0.19540229885057472
0.19318181818181818
0.19101123595505617
0.18888888888888888
0.18681318681318682
0.18478260869565216
0.1827956989247312
0.18085106382978725
0.17894736842105263
0.1875
0.18556701030927836
0.1836734693877551
0.1919191919191919
0.19
0.19801980198019803
0.19607843137254902
0.1941747572815534
0.19230769230769232
0.19047619047619047
0.19811320754716982
0.19626168224299065
0.2037037037037037
0.2018348623853211
0.2
0.1981981981981982
0.20535714285714285
0.20353982300884957
0.20175438596491227
0.20869565217391303
0.20689655172413793
0.20512820512820512
0.211864406779661
0.21008403361344538
0.20833333333333334
0.2066115702479339
0.21311475409836064
0.21138211382113822
0.20967741935483872
0.208
0.20634920634920634
0.2047244094488189
0.203125
0.20155038759689922
0.2076923076923077
0.20610687022900764
0.21212121212121213
0.21052631578947367
0.208955223880597
0.2074074074074074
0.20588235294117646
0.20437956204379562
0.2028985507246377
0.2014388489208633
0.20714285714285716
0.20567375886524822
0.20422535211267606
0.2097902097902098
0.20833333333333334
0.20689655172413793
0.2054794520547945
0.20408163265306123
0.20945945945945946
0.21476510067114093
0.21333333333333335
0.2119205298013245
0.21052631578947367
0.20915032679738563
0.2077922077922078
0.2064516129032258
0.20512820512820512
0.20382165605095542
0.20253164556962025
0.20125786163522014
0.2
0.20496894409937888
0.2037037037037037
0.2085889570552147
0.2073170731707317
0.20606060606060606
0.20481927710843373
0.20359281437125748
0.20238095238095238
0.20118343195266272
0.2
0.19883040935672514
0.19767441860465115
0.19653179190751446
0.19540229885057472
0.19428571428571428
0.19318181818181818
0.192090395480226
0.19101123595505617
0.18994413407821228
0.18888888888888888
0.1878453038674033
0.18681318681318682
0.18579234972677597
0.18478260869565216
0.1837837837837838
0.1827956989247312
0.18716577540106952
0.18617021276595744
0.18518518518518517
0.18421052631578946
0.18324607329842932
0.1875
0.18652849740932642
0.19072164948453607
0.18974358974358974
0.18877551020408162
0.18781725888324874
0.18686868686868688
0.18592964824120603
0.19
0.1890547263681592
0.19306930693069307
0.1921182266009852
0.19117647058823528
0.1902439024390244
0.1941747572815534
0.1932367149758454
0.1971153846153846
0.20095693779904306
0.2
0.1990521327014218
0.19811320754716982
0.19718309859154928
0.19626168224299065
0.19534883720930232
0.19444444444444445
0.1935483870967742
0.19724770642201836
0.1963470319634703
0.19545454545454546
0.19909502262443438
0.1981981981981982
0.19730941704035873
0.19642857142857142
0.19555555555555557
0.19911504424778761
0.19823788546255505
0.19736842105263158
0.1965065502183406
0.1956521739130435
0.19913419913419914
0.19827586206896552
0.19742489270386265
0.19658119658119658
0.19574468085106383
0.19491525423728814
0.19831223628691982
0.19747899159663865
0.19665271966527198
0.19583333333333333
0.1950207468879668
0.19421487603305784
0.1934156378600823
0.19262295081967212
0.19183673469387755
0.1910569105691057
0.19433198380566802
0.1975806451612903
0.19678714859437751
0.196
0.1952191235059761
0.1984126984126984
0.2015810276679842
0.20078740157480315
0.2
0.19921875
0.19844357976653695
0.19767441860465115
0.20077220077220076
0.2
0.19923371647509577
0.20229007633587787
0.20152091254752852
0.20075757575757575
0.2
0.20300751879699247
0.20224719101123595
0.20149253731343283
0.20074349442379183
0.2
0.1992619926199262
0.19852941176470587
0.1978021978021978
0.19708029197080293
0.19636363636363635
0.19927536231884058
0.20216606498194944
0.20503597122302158
0.20430107526881722
0.20357142857142857
0.20284697508896798
0.20212765957446807
0.20141342756183744
0.2007042253521127
0.2
0.1993006993006993
0.1986062717770035
0.19791666666666666
0.1972318339100346
0.2
0.2027491408934708
0.20205479452054795
0.20136518771331058
0.20068027210884354
0.2
0.19932432432432431
0.19865319865319866
0.19798657718120805
0.19732441471571907
0.19666666666666666
0.19601328903654486
0.19536423841059603
0.19801980198019803
0.19736842105263158
0.19672131147540983
0.19607843137254902
0.19543973941368079
0.19480519480519481
0.1941747572815534
0.1935483870967742
0.19614147909967847
0.1955128205128205
0.19488817891373802
0.1942675159235669
0.19682539682539682
0.1962025316455696
0.19558359621451105
0.1949685534591195
0.19435736677115986
0.19375
0.19314641744548286
0.19254658385093168
0.19195046439628483
0.19135802469135801
0.19076923076923077
0.1901840490797546
0.18960244648318042
0.18902439024390244
0.1884498480243161
0.18787878787878787
0.18731117824773413
0.18674698795180722
0.18618618618618618
0.18562874251497005
0.18507462686567164
0.18452380952380953
0.18397626112759644
0.1834319526627219
0.18584070796460178
0.18529411764705883
0.187683284457478
0.1871345029239766
0.18658892128279883
0.18604651162790697
0.1855072463768116
0.18497109826589594
0.1844380403458213
0.1839080459770115
0.1833810888252149
0.18285714285714286
0.18233618233618235
0.18181818181818182
0.1813031161473088
0.1807909604519774
0.18309859154929578
0.18258426966292135
0.18207282913165265
0.18156424581005587
0.181058495821727
0.18055555555555555
0.18005540166204986
0.17955801104972377
0.1790633608815427
0.17857142857142858
0.1780821917808219
0.17759562841530055
0.1771117166212534
0.1766304347826087
0.17615176151761516
0.17567567567567569
0.1752021563342318
0.17473118279569894
0.1742627345844504
0.17379679144385027
0.176
0.17553191489361702
0.17506631299734748
0.17724867724867724
0.17678100263852242
0.1763157894736842
0.17585301837270342
0.17539267015706805
0.17493472584856398
0.17447916666666666
0.17662337662337663
0.17616580310880828
0.17571059431524547
0.17525773195876287
0.17480719794344474
0.17435897435897435
0.17391304347826086
0.17346938775510204
0.17302798982188294
0.17258883248730963
0.17215189873417722
0.1717171717171717
0.1712846347607053
0.1708542713567839
0.17042606516290726
0.17
0.16957605985037408
0.1691542288557214
0.1687344913151365
0.16831683168316833
0.17037037037037037
0.16995073891625614
0.16953316953316952
0.16911764705882354
0.1687041564792176
0.16829268292682928
0.1678832116788321
0.16747572815533981
0.16707021791767554
0.16666666666666666
0.16626506024096385
0.1658653846153846
0.16546762589928057
0.1674641148325359
0.16706443914081145
0.16666666666666666
0.166270783847981
0.16587677725118483
0.16548463356973994
0.1650943396226415
0.16470588235294117
0.1643192488262911
0.16393442622950818
0.16355140186915887
0.16317016317016317
0.16279069767441862
0.16241299303944315
0.16203703703703703
0.16166281755196305
0.16129032258064516
0.16091954022988506
0.16055045871559634
0.16018306636155608
0.1598173515981735
0.15945330296127563
0.1590909090909091
0.15873015873015872
0.1583710407239819
0.1580135440180587
0.15765765765765766
0.15730337078651685
0.15695067264573992
0.15659955257270694
0.15625
0.155902004454343
0.15555555555555556
0.1574279379157428
0.1570796460176991
0.15673289183222958
0.15638766519823788
0.15604395604395604
0.15570175438596492
0.15536105032822758
0.15502183406113537
0.1568627450980392
0.1565217391304348
0.1561822125813449
0.15800865800865802
0.15766738660907129
0.15948275862068967
0.15913978494623657
0.15879828326180256
0.15845824411134904
0.1581196581196581
0.15778251599147122
0.1574468085106383
0.1592356687898089
0.15889830508474576
0.15856236786469344
0.15822784810126583
0.15789473684210525
0.15756302521008403
0.15723270440251572
0.15690376569037656
0.15657620041753653
0.15625
0.15592515592515593
0.15560165975103735
0.15527950310559005
0.15495867768595042
0.15463917525773196
0.15432098765432098
0.1540041067761807
0.15368852459016394
0.15337423312883436
0.15306122448979592
0.15274949083503056
0.1524390243902439
0.15212981744421908
0.15182186234817813
0.15151515151515152
0.1532258064516129
0.1529175050301811
0.15261044176706828
0.1523046092184369
0.152
0.1536926147704591
0.15338645418326693
0.15308151093439365
0.1527777777777778
0.15247524752475247
0.15217391304347827
0.15187376725838264
0.15354330708661418
0.15324165029469547
0.15294117647058825
0.15264187866927592
0.154296875
0.1539961013645224
0.1556420233463035
0.1553398058252427
0.15503875968992248
0.15473887814313347
0.15444015444015444
0.15414258188824662
0.15384615384615385
0.15355086372360843
0.1532567049808429
0.15296367112810708
0.15267175572519084
0.1523809523809524
0.1520912547528517
0.15180265654648956
0.15151515151515152
0.15122873345935728
0.1509433962264151
0.15065913370998116
0.15037593984962405
0.150093808630394
0.149812734082397
0.14953271028037382
0.14925373134328357
0.148975791433892
0.15055762081784388
0.150278293135436
0.15
0.14972273567467653
0.14944649446494465
0.14917127071823205
0.1488970588235294
0.14862385321100918
0.14835164835164835
0.1480804387568556
0.1478102189781022
0.1493624772313297
0.14909090909090908
0.14882032667876588
0.14855072463768115
0.14828209764918626
0.148014440433213
0.14774774774774774
0.1474820143884892
0.14721723518850988
0.14695340501792115
0.14669051878354203
0.14642857142857144
0.14795008912655971
0.14768683274021352
0.14742451154529307
0.14716312056737588
0.14690265486725665
0.14664310954063603
0.14638447971781304
0.14612676056338028
0.14586994727592267
0.1456140350877193
0.14535901926444833
0.1451048951048951
0.14485165794066318
0.14634146341463414
0.14608695652173914
0.14583333333333334
0.14558058925476602
0.1453287197231834
0.14507772020725387
0.14482758620689656
0.14457831325301204
0.14432989690721648
0.14408233276157806
0.14383561643835616
0.14358974358974358
0.14334470989761092
0.14310051107325383
0.14285714285714285
0.14261460101867574
0.1423728813559322
0.14213197969543148
0.14189189189189189
0.14165261382799327
0.1414141414141414
0.1411764705882353
0.14093959731543623
0.1407035175879397
0.14046822742474915
0.14023372287145242
0.14
0.13976705490848584
0.13953488372093023
0.13930348258706468
0.1390728476821192
0.13884297520661157
0.13861386138613863
0.13838550247116968
0.13815789473684212
0.13793103448275862
0.1377049180327869
0.13747954173486088
0.1388888888888889
0.1402936378466558
0.14169381107491857
0.14146341463414633
0.14123376623376624
0.14100486223662884
0.1423948220064725
0.14378029079159935
0.1435483870967742
0.143317230273752
0.14308681672025725
0.14285714285714285
0.14262820512820512
0.1424
0.14217252396166133
0.1419457735247209
0.14171974522292993
0.14149443561208266
0.14126984126984127
0.1410459587955626
0.14082278481012658
0.1406003159557662
0.14037854889589904
0.14015748031496064
0.139937106918239
0.13971742543171115
0.13949843260188088
0.13928012519561817
0.1390625
0.13884555382215288
0.13862928348909656
0.13841368584758942
0.13819875776397517
0.13798449612403102
0.13777089783281735
0.1375579598145286
0.13734567901234568
0.1386748844375963
0.13846153846153847
0.1382488479262673
0.13957055214723926
0.14088820826952528
0.14067278287461774
0.14045801526717558
0.1402439024390244
0.1400304414003044
0.1398176291793313
0.13960546282245828
0.1393939393939394
0.14069591527987896
0.1404833836858006
0.14027149321266968
0.14006024096385541
0.13984962406015036
0.13963963963963963
0.13943028485757122
0.13922155688622753
0.13901345291479822
0.13880597014925372
0.13859910581222057
0.13839285714285715
0.13818722139673106
0.13798219584569732
0.13777777777777778
0.13757396449704143
0.13737075332348597
0.13716814159292035
0.13696612665684832
0.13676470588235295
0.13656387665198239
0.13636363636363635
0.13616398243045388
0.13596491228070176
0.13576642335766423
0.13556851311953352
0.13682678311499272
0.13662790697674418
0.13642960812772134
0.13623188405797101
0.13603473227206947
0.13583815028901733
0.13564213564213565
0.13688760806916425
0.1366906474820144
0.13649425287356323
0.13629842180774748
0.1361031518624642
0.13590844062947066
0.1357142857142857
0.1355206847360913
0.13532763532763534
0.13655761024182078
0.13636363636363635
0.13617021276595745
0.1359773371104816
0.13578500707213578
0.13559322033898305
0.13540197461212977
0.1352112676056338
0.1350210970464135
0.1348314606741573
0.13464235624123422
0.13445378151260504
0.13426573426573427
0.1340782122905028
0.13389121338912133
0.13370473537604458
0.13351877607788595
0.13333333333333333
0.13314840499306518
0.1329639889196676
0.13278008298755187
0.13259668508287292
0.13241379310344828
0.1322314049586777
0.13204951856946354
0.13186813186813187
0.13168724279835392
0.13150684931506848
0.13132694938440492
0.13114754098360656
0.13096862210095497
0.1307901907356948
0.1306122448979592
0.13179347826086957
0.13161465400271372
0.13143631436314362
0.13125845737483086
0.13108108108108107
0.13090418353576247
0.1307277628032345
0.13055181695827725
0.1303763440860215
0.13020134228187918
0.13002680965147453
0.12985274431057564
0.13101604278074866
0.1308411214953271
0.13066666666666665
0.13049267643142476
0.13031914893617022
0.1301460823373174
0.129973474801061
0.12980132450331125
0.12962962962962962
0.12945838837516513
0.12928759894459102
0.12911725955204217
0.12894736842105264
0.1287779237844941
0.12860892388451445
0.12844036697247707
0.12827225130890052
0.12810457516339868
0.1279373368146214
0.12777053455019557
0.12760416666666666
0.12743823146944083
0.12857142857142856
0.12840466926070038
0.12823834196891193
0.12807244501940493
0.12919896640826872
0.12903225806451613
0.12886597938144329
0.12998712998713
0.12982005141388175
0.12965340179717585
0.1294871794871795
0.1293213828425096
0.12915601023017903
0.12899106002554278
0.1288265306122449
0.1286624203821656
0.12849872773536897
0.12833545108005082
0.1281725888324873
0.12801013941698353
0.12784810126582277
0.12895069532237674
0.12878787878787878
0.12862547288776796
0.12846347607052896
0.12830188679245283
0.12814070351758794
0.12797992471769135
0.12781954887218044
0.12891113892365458
0.12875
0.1285892634207241
0.128428927680798
0.12826899128268993
0.1281094527363184
0.12795031055900621
0.12779156327543426
0.12763320941759604
0.12747524752475248
0.1273176761433869
0.1271604938271605
0.12700369913686807
0.1268472906403941
0.12669126691266913
0.12653562653562653
0.1263803680981595
0.12622549019607843
0.12607099143206854
0.12591687041564792
0.12698412698412698
0.12682926829268293
0.12667478684531058
0.12652068126520682
0.12636695018226002
0.1262135922330097
0.12727272727272726
0.1271186440677966
0.12696493349455865
0.12681159420289856
0.12665862484921592
0.12650602409638553
0.1263537906137184
0.12620192307692307
0.12725090036014405
0.12709832134292565
0.12694610778443113
0.12679425837320574
0.12664277180406214
0.12649164677804295
0.1263408820023838
0.1261904761904762
0.12604042806183116
0.12589073634204276
0.1257413997627521
0.12559241706161137
0.12544378698224853
0.12529550827423167
0.12514757969303425
0.125
0.1248527679623086
0.12470588235294118
0.1245593419506463
0.12441314553990611
0.1242672919109027
0.12412177985948478
0.1239766081871345
0.12383177570093458
0.12368728121353559
0.12354312354312354
0.12339930151338765
0.12325581395348838
0.12427409988385599
0.12412993039443156
0.12398609501738123
0.12384259259259259
0.12369942196531791
0.1235565819861432
0.12341407151095732
0.12327188940092165
0.12313003452243959
0.12298850574712644
0.12284730195177956
0.12270642201834862
0.12371134020618557
0.12356979405034325
0.12342857142857143
0.1232876712328767
0.12314709236031927
0.12414578587699317
0.12400455062571103
0.12386363636363637
0.12372304199772985
0.12471655328798185
0.12570781426953567
0.1255656108597285
0.12655367231638417
0.12641083521444696
0.1273957158962796
0.12725225225225226
0.12710911136107986
0.12696629213483146
0.12682379349046016
0.1266816143497758
0.1265397536394177
0.12639821029082773
0.12625698324022347
0.12611607142857142
0.12597547380156077
0.12583518930957685
0.12569521690767518
0.12555555555555556
0.12541620421753608
0.12527716186252771
0.12513842746400886
0.125
0.12486187845303867
0.12472406181015452
0.12458654906284454
0.12444933920704845
0.12431243124312431
0.12417582417582418
0.12403951701427003
0.12390350877192982
0.12376779846659365
0.12472647702407003
0.12459016393442623
0.12445414847161572
0.12431842966194111
0.12418300653594772
0.12404787812840043
0.12391304347826088
0.1237785016286645
0.12364425162689804
0.12351029252437704
0.12337662337662338
0.12324324324324325
0.12311015118790497
0.12297734627831715
0.12284482758620689
0.12271259418729817
0.12258064516129032
0.12244897959183673
0.1223175965665236
0.12218649517684887
0.12312633832976445
0.12299465240641712
0.12286324786324786
0.12273212379935966
0.12260127931769722
0.12247071352502663
0.12234042553191489
0.12221041445270989
0.12208067940552017
0.12195121951219512
0.12182203389830508
0.12169312169312169
0.12156448202959831
0.12143611404435058
0.12130801687763713
0.12118018967334036
0.12105263157894737
0.12092534174553102
0.1207983193277311
0.12067156348373557
0.12054507337526206
0.12041884816753927
0.1202928870292887
0.12016718913270637
0.12004175365344467
0.11991657977059438
0.11979166666666667
0.11966701352757544
0.11954261954261955
0.11941848390446522
0.12033195020746888
0.12020725388601036
0.12008281573498965
0.11995863495346432
0.11983471074380166
0.1197110423116615
0.11958762886597939
0.11946446961894953
0.11934156378600823
0.12024665981500514
0.12012320328542095
0.12
0.11987704918032786
0.11975435005117707
0.1196319018404908
0.1195097037793667
0.11938775510204082
0.11926605504587157
0.11914460285132383
0.1190233977619532
0.11890243902439024
0.11878172588832488
0.11866125760649088
0.11955420466058764
0.1194331983805668
0.11931243680485339
0.1191919191919192
0.12008072653884964
0.11995967741935484
0.11983887210473314
0.11971830985915492
0.11959798994974874
0.11947791164658635
0.119358074222668
0.11923847695390781
0.11911911911911911
0.119
0.11888111888111888
