0.5
0.3333333333333333
0.5
0.4
0.3333333333333333
0.2857142857142857
0.25
0.2222222222222222
0.2
0.2727272727272727
0.25
0.23076923076923078
0.21428571428571427
0.2
0.1875
0.17647058823529413
0.2222222222222222
0.21052631578947367
0.2
0.23809523809523808
0.22727272727272727
0.21739130434782608
0.20833333333333334
0.2
0.19230769230769232
0.18518518518518517
0.17857142857142858
0.1724137931034483
0.16666666666666666
0.1935483870967742
0.1875
0.18181818181818182
0.17647058823529413
0.17142857142857143
0.16666666666666666
0.16216216216216217
0.18421052631578946
0.1794871794871795
0.175
0.17073170731707318
0.19047619047619047
0.18604651162790697
0.18181818181818182
0.17777777777777778
0.17391304347826086
0.1702127659574468
0.1875
0.1836734693877551
0.2
0.19607843137254902
0.19230769230769232
0.18867924528301888
0.18518518518518517
0.18181818181818182
0.17857142857142858
0.17543859649122806
0.1724137931034483
0.1864406779661017
0.18333333333333332
0.19672131147540983
0.1935483870967742
0.19047619047619047
0.1875
0.18461538461538463
0.18181818181818182
0.1791044776119403
0.17647058823529413
0.17391304347826086
0.17142857142857143
0.16901408450704225
0.16666666666666666
0.1643835616438356
0.16216216216216217
0.16
0.15789473684210525
0.15584415584415584
0.15384615384615385
0.1518987341772152
0.15
0.14814814814814814
0.14634146341463414
0.14457831325301204
0.14285714285714285
0.1411764705882353
0.13953488372093023
0.14942528735632185
0.14772727272727273
0.14606741573033707
0.14444444444444443
0.15384615384615385
0.15217391304347827
0.15053763440860216
0.14893617021276595
0.14736842105263157
0.15625
0.15463917525773196
0.15306122448979592
0.15151515151515152
0.15
0.1485148514851485
0.14705882352941177
0.14563106796116504
0.14423076923076922
0.14285714285714285
0.14150943396226415
0.14953271028037382
0.14814814814814814
0.14678899082568808
0.14545454545454545
0.14414414414414414
0.14285714285714285
0.1415929203539823
0.14035087719298245
0.14782608695652175
0.14655172413793102
0.1452991452991453
0.1440677966101695
0.14285714285714285
0.14166666666666666
0.14049586776859505
0.13934426229508196
0.13821138211382114
0.13709677419354838
0.136
0.1349206349206349
0.13385826771653545
0.140625
0.13953488372093023
0.13846153846153847
0.13740458015267176
0.13636363636363635
0.13533834586466165
0.13432835820895522
0.13333333333333333
0.1323529411764706
0.13138686131386862
0.13768115942028986
0.1366906474820144
0.1357142857142857
0.1347517730496454
0.13380281690140844
0.13286713286713286
0.13194444444444445
0.1310344827586207
0.13013698630136986
0.1360544217687075
0.13513513513513514
0.1342281879194631
0.13333333333333333
0.13245033112582782
0.13157894736842105
0.13071895424836602
0.12987012987012986
0.12903225806451613
0.1282051282051282
0.1337579617834395
0.13291139240506328
0.1320754716981132
0.13125
0.13043478260869565
0.12962962962962962
0.13496932515337423
0.13414634146341464
0.13333333333333333
0.13253012048192772
0.1317365269461078
0.13095238095238096
0.13609467455621302
0.1411764705882353
0.14035087719298245
0.13953488372093023
0.13872832369942195
0.14367816091954022
0.14285714285714285
0.14204545454545456
0.14124293785310735
0.1404494382022472
0.13966480446927373
0.1388888888888889
0.13812154696132597
0.14285714285714285
0.14207650273224043
0.14130434782608695
0.14054054054054055
0.13978494623655913
0.1443850267379679
0.14361702127659576
0.14285714285714285
0.14210526315789473
0.14136125654450263
0.140625
0.14507772020725387
0.14432989690721648
0.14358974358974358
0.14285714285714285
0.14213197969543148
0.1414141414141414
0.1407035175879397
0.14
0.13930348258706468
0.13861386138613863
0.13793103448275862
0.13725490196078433
0.13658536585365855
0.13592233009708737
0.13526570048309178
0.1346153846153846
0.1339712918660287
0.13333333333333333
0.13270142180094788
0.1320754716981132
0.13145539906103287
0.13551401869158877
0.13953488372093023
0.1388888888888889
0.1382488479262673
0.14220183486238533
0.1415525114155251
0.1409090909090909
0.14027149321266968
0.13963963963963963
0.13901345291479822
0.13839285714285715
0.13777777777777778
0.1415929203539823
0.14096916299559473
0.14035087719298245
0.13973799126637554
0.1391304347826087
0.13852813852813853
0.13793103448275862
0.13733905579399142
0.13675213675213677
0.13617021276595745
0.13559322033898305
0.13924050632911392
0.13865546218487396
0.13807531380753138
0.1375
0.13692946058091288
0.13636363636363635
0.13580246913580246
0.13524590163934427
0.1346938775510204
0.13821138211382114
0.13765182186234817
0.13709677419354838
0.13654618473895583
0.14
0.1394422310756972
0.1388888888888889
0.1383399209486166
0.14173228346456693
0.1411764705882353
0.140625
0.14007782101167315
0.1434108527131783
0.14285714285714285
0.1423076923076923
0.1417624521072797
0.14122137404580154
0.1444866920152091
0.14772727272727273
0.1471698113207547
0.14661654135338345
0.149812734082397
0.14925373134328357
0.14869888475836432
0.14814814814814814
0.14760147601476015
0.14705882352941177
0.14652014652014653
0.145985401459854
0.14545454545454545
0.14492753623188406
0.1444043321299639
0.14388489208633093
0.14336917562724014
0.14285714285714285
0.1423487544483986
0.14184397163120568
0.1413427561837456
0.1443661971830986
0.14385964912280702
0.14335664335664336
0.14285714285714285
0.1423611111111111
0.14186851211072665
0.1413793103448276
0.140893470790378
0.1404109589041096
0.13993174061433447
0.13945578231292516
0.1423728813559322
0.14189189189189189
0.1414141414141414
0.14093959731543623
0.14046822742474915
0.14
0.13953488372093023
0.1390728476821192
0.13861386138613863
0.13815789473684212
0.1377049180327869
0.13725490196078433
0.13680781758957655
0.1396103896103896
0.13915857605177995
0.14193548387096774
0.1414790996784566
0.14102564102564102
0.14057507987220447
0.14012738853503184
0.13968253968253969
0.13924050632911392
0.138801261829653
0.13836477987421383
0.13793103448275862
0.140625
0.14018691588785046
0.13975155279503104
0.1393188854489164
0.1388888888888889
0.13846153846153847
0.1411042944785276
0.14067278287461774
0.1402439024390244
0.1398176291793313
0.1393939393939394
0.13897280966767372
0.13855421686746988
0.13813813813813813
0.1377245508982036
0.1373134328358209
0.13690476190476192
0.1394658753709199
0.14201183431952663
0.1415929203539823
0.1411764705882353
0.1436950146627566
0.14327485380116958
0.14285714285714285
0.14244186046511628
0.14202898550724638
0.1416184971098266
0.14121037463976946
0.14080459770114942
0.14040114613180515
0.14
0.1396011396011396
0.13920454545454544
0.1388101983002833
0.1384180790960452
0.13802816901408452
0.13764044943820225
0.13725490196078433
0.13966480446927373
0.1392757660167131
0.1388888888888889
0.13850415512465375
0.13812154696132597
0.14049586776859505
0.1401098901098901
0.14246575342465753
0.14207650273224043
0.14168937329700274
0.14130434782608695
0.14092140921409213
0.14054054054054055
0.14016172506738545
0.13978494623655913
0.13941018766756033
0.13903743315508021
0.13866666666666666
0.13829787234042554
0.13793103448275862
0.13756613756613756
0.13720316622691292
0.1368421052631579
0.13910761154855644
0.1387434554973822
0.13838120104438642
0.140625
0.14025974025974025
0.14248704663212436
0.1421188630490956
0.14175257731958762
0.14395886889460155
0.14615384615384616
0.14578005115089515
0.14540816326530612
0.1450381679389313
0.1446700507614213
0.14430379746835442
0.14646464646464646
0.14609571788413098
0.1457286432160804
0.14536340852130325
0.145
0.14463840399002495
0.14427860696517414
0.14392059553349876
0.14356435643564355
0.14320987654320988
0.14285714285714285
0.14250614250614252
0.14215686274509803
0.14180929095354522
0.14146341463414633
0.1411192214111922
0.1407766990291262
0.14043583535108958
0.14009661835748793
0.13975903614457832
0.14182692307692307
0.14148681055155876
0.14114832535885166
0.14081145584725538
0.14047619047619048
0.14014251781472684
0.13981042654028436
0.13947990543735225
0.1391509433962264
0.1388235294117647
0.14084507042253522
0.1405152224824356
0.14018691588785046
0.13986013986013987
0.13953488372093023
0.13921113689095127
0.1388888888888889
0.14087759815242495
0.14055299539170507
0.14022988505747128
0.13990825688073394
0.13958810068649885
0.13926940639269406
0.13895216400911162
0.13863636363636364
0.1383219954648526
0.13800904977375567
0.13769751693002258
0.1373873873873874
0.13707865168539327
0.1367713004484305
0.13646532438478748
0.13616071428571427
0.13808463251670378
0.13777777777777778
0.13747228381374724
0.13716814159292035
0.1368653421633554
0.13876651982378854
0.13846153846153847
0.13815789473684212
0.13785557986870897
0.13755458515283842
0.13725490196078433
0.13695652173913042
0.13665943600867678
0.13636363636363635
0.13606911447084233
0.13577586206896552
0.13548387096774195
0.13733905579399142
0.13704496788008566
0.13675213675213677
0.13646055437100213
0.13617021276595745
0.13588110403397027
0.13559322033898305
0.13530655391120508
0.1350210970464135
0.13473684210526315
0.13445378151260504
0.13417190775681342
0.13389121338912133
0.13569937369519833
0.13541666666666666
0.13513513513513514
0.13485477178423236
0.13457556935817805
0.13636363636363635
0.1360824742268041
0.13580246913580246
0.13552361396303902
0.13729508196721313
0.13701431492842536
0.13673469387755102
0.1364562118126273
0.13617886178861788
0.1359026369168357
0.13562753036437247
0.13737373737373737
0.13709677419354838
0.13682092555331993
0.13654618473895583
0.13627254509018036
0.136
0.13572854291417166
0.13545816733067728
0.13717693836978131
0.13690476190476192
0.13663366336633664
0.13636363636363635
0.13609467455621302
0.13582677165354332
0.13555992141453832
0.13529411764705881
0.1350293542074364
0.134765625
0.13450292397660818
0.13424124513618677
0.13398058252427184
0.13372093023255813
0.13346228239845262
0.13320463320463322
0.1329479768786127
0.1326923076923077
0.1324376199616123
0.13218390804597702
0.13193116634799235
0.1316793893129771
0.13142857142857142
0.1311787072243346
0.13092979127134724
0.13257575757575757
0.1323251417769376
0.1320754716981132
0.1318267419962335
0.13157894736842105
0.13320825515947468
0.13295880149812733
0.13271028037383178
0.13246268656716417
0.13221601489757914
0.13197026022304834
0.13172541743970315
0.13148148148148148
0.13123844731977818
0.13099630996309963
0.13075506445672191
0.13051470588235295
0.13027522935779817
0.13186813186813187
0.13345521023765997
0.1332116788321168
0.13296903460837886
0.13272727272727272
0.132486388384755
0.1322463768115942
0.13200723327305605
0.13176895306859207
0.13333333333333333
0.13309352517985612
0.13285457809694792
0.13261648745519714
0.13237924865831843
0.13214285714285715
0.1319073083778966
0.13167259786476868
0.13143872113676733
0.13120567375886524
0.13097345132743363
0.13074204946996468
0.13227513227513227
0.13204225352112675
0.13181019332161686
0.13157894736842105
0.13134851138353765
0.13111888111888112
0.13263525305410123
0.13414634146341464
0.13391304347826086
0.13368055555555555
0.13344887348353554
0.13321799307958476
0.13471502590673576
0.13448275862068965
0.1359724612736661
0.13573883161512026
0.137221269296741
0.136986301369863
0.13675213675213677
0.13651877133105803
0.13798977853492334
0.1377551020408163
0.13921901528013583
0.13898305084745763
0.13874788494077833
0.13851351351351351
0.13827993254637436
0.13804713804713806
0.13781512605042018
0.13758389261744966
0.1373534338358459
0.13879598662207357
0.13856427378964942
0.13833333333333334
0.13810316139767054
0.1378737541528239
0.13930348258706468
0.1390728476821192
0.13884297520661157
0.13861386138613863
0.13838550247116968
0.13815789473684212
0.13793103448275862
0.1377049180327869
0.13747954173486088
0.13725490196078433
0.13866231647634583
0.13843648208469056
0.13821138211382114
0.137987012987013
0.13776337115072934
0.13915857605177995
0.13893376413570274
0.1403225806451613
0.14009661835748793
0.13987138263665594
0.13964686998394862
0.13942307692307693
0.1392
0.14057507987220447
0.14035087719298245
0.14012738853503184
0.13990461049284578
0.13968253968253969
0.13946117274167988
0.13924050632911392
0.13902053712480253
0.138801261829653
0.13858267716535433
0.13836477987421383
0.13814756671899528
0.13793103448275862
0.13771517996870108
0.1375
0.1372854914196568
0.13707165109034267
0.1368584758942457
0.13664596273291926
0.13643410852713178
0.13622291021671826
0.13601236476043277
0.13580246913580246
0.13559322033898305
0.13692307692307693
0.13671274961597543
0.13650306748466257
0.1362940275650842
0.13608562691131498
0.13587786259541984
0.13719512195121952
0.136986301369863
0.13677811550151975
0.13657056145675264
0.13636363636363635
0.1361573373676248
0.13595166163141995
0.13574660633484162
0.1355421686746988
0.13533834586466165
0.13513513513513514
0.13493253373313344
0.1347305389221557
0.13452914798206278
0.13432835820895522
0.13412816691505217
0.13392857142857142
0.1337295690936107
0.13353115727002968
0.13333333333333333
0.13313609467455623
0.1329394387001477
0.13274336283185842
0.1325478645066274
0.1323529411764706
0.13215859030837004
0.13196480938416422
0.13177159590043924
0.13304093567251463
0.13284671532846715
0.1326530612244898
0.1339155749636099
0.13372093023255813
0.13352685050798258
0.13333333333333333
0.13314037626628075
0.13439306358381503
0.1341991341991342
0.1340057636887608
0.13381294964028778
0.1336206896551724
0.133428981348637
0.1332378223495702
0.13447782546494993
0.13428571428571429
0.1340941512125535
0.1339031339031339
0.13513513513513514
0.13636363636363635
0.13617021276595745
0.1359773371104816
0.1371994342291372
0.1370056497175141
0.1368124118476728
0.13661971830985917
0.13642756680731363
0.13623595505617977
0.13604488078541374
0.13585434173669467
0.13566433566433567
0.13687150837988826
0.13668061366806136
0.13649025069637882
0.13630041724617525
0.1375
0.13730929264909847
0.1371191135734072
0.13692946058091288
0.13812154696132597
0.13793103448275862
0.13774104683195593
0.1375515818431912
0.13736263736263737
0.13717421124828533
0.136986301369863
0.13679890560875513
0.1366120218579235
0.1364256480218281
0.1362397820163488
0.1360544217687075
0.1358695652173913
0.13568521031207598
0.13550135501355012
0.13531799729364005
0.13513513513513514
0.1349527665317139
0.1347708894878706
0.13458950201884254
0.13440860215053763
0.1342281879194631
0.13404825737265416
0.13386880856760375
0.13368983957219252
0.13351134846461948
0.13333333333333333
0.13315579227696406
0.13297872340425532
0.13280212483399734
0.13262599469496023
0.13245033112582782
0.13227513227513227
0.13210039630118892
0.13192612137203166
0.13306982872200263
0.13289473684210526
0.13272010512483573
0.1325459317585302
0.13237221494102228
0.13219895287958114
0.13202614379084968
0.13185378590078328
0.1316818774445893
0.13151041666666666
0.13133940182054615
0.13116883116883116
0.1309987029831388
0.13082901554404144
0.13065976714100905
0.13049095607235142
0.13032258064516128
0.13015463917525774
0.12998712998713
0.12982005141388175
0.12965340179717585
0.1294871794871795
0.1293213828425096
0.12915601023017903
0.13026819923371646
0.13010204081632654
0.12993630573248408
0.1297709923664122
0.12960609911054638
0.12944162436548223
0.13054499366286437
0.13164556962025317
0.13147914032869784
0.13131313131313133
0.13114754098360656
0.1309823677581864
0.13081761006289308
0.1306532663316583
0.13048933500627352
0.13032581453634084
0.13016270337922403
0.13
0.12983770287141075
0.12967581047381546
0.1295143212951432
0.12935323383084577
0.12919254658385093
0.12903225806451613
0.1288723667905824
0.12871287128712872
0.12855377008652658
0.12962962962962962
0.12946979038224415
0.12931034482758622
0.12915129151291513
0.13022113022113022
0.13006134969325153
0.12990196078431374
0.12974296205630356
0.1295843520782396
0.13064713064713065
0.13048780487804879
0.13032886723507917
0.13017031630170317
0.13001215066828675
0.13106796116504854
0.13090909090909092
0.13075060532687652
0.13059250302297462
0.13043478260869565
0.13027744270205066
0.13012048192771083
0.1299638989169675
0.12980769230769232
0.12965186074429771
0.12949640287769784
0.12934131736526946
0.1291866028708134
0.12903225806451613
0.1288782816229117
0.12872467222884387
0.12857142857142856
0.12841854934601665
0.12826603325415678
0.12811387900355872
0.12796208530805686
0.12781065088757396
0.1276595744680851
0.12868949232585597
0.12853773584905662
0.12838633686690223
0.12823529411764706
0.12808460634547592
0.12793427230046947
0.12778429073856976
0.1288056206088993
0.1286549707602339
0.12850467289719625
0.12835472578763127
0.12937062937062938
0.12922002328288706
0.12906976744186047
0.13008130081300814
0.12993039443155452
0.12977983777520277
0.12962962962962962
0.12947976878612716
0.12933025404157045
0.12918108419838523
0.13018433179723501
0.13003452243958574
0.12988505747126436
0.12973593570608496
0.12958715596330275
0.13058419243986255
0.13043478260869565
0.13028571428571428
0.13013698630136986
0.12998859749144812
0.12984054669703873
0.1296928327645051
0.12954545454545455
0.12939841089670828
0.1292517006802721
0.1291053227633069
0.12895927601809956
0.1288135593220339
0.12866817155756208
0.12852311161217586
0.12837837837837837
0.12823397075365578
0.12808988764044943
0.12794612794612795
0.12780269058295965
0.1276595744680851
0.12751677852348994
0.12737430167597766
0.12723214285714285
0.12709030100334448
0.12694877505567928
0.12680756395995552
0.12666666666666668
0.12652608213096558
0.12638580931263857
0.12624584717607973
0.1261061946902655
0.12596685082872927
0.12582781456953643
0.1256890848952591
0.12555066079295155
0.1254125412541254
0.12527472527472527
0.12623490669593854
0.12609649122807018
0.12595837897042717
0.12582056892778992
0.12568306010928962
0.12554585152838427
0.12540894220283533
0.12527233115468409
0.1251360174102285
0.125
0.1248642779587405
0.12472885032537961
0.12459371614301191
0.12445887445887446
0.12432432432432433
0.12419006479481641
0.12405609492988134
0.12392241379310345
0.12378902045209902
0.12365591397849462
0.12352309344790548
0.12339055793991416
0.12433011789924973
0.12419700214132762
0.12406417112299466
0.12393162393162394
0.12379935965848453
0.12366737739872068
0.1235356762513312
0.12340425531914893
0.12327311370882041
0.12314225053078556
0.12301166489925769
0.1228813559322034
0.12275132275132275
0.1226215644820296
0.12249208025343189
0.12236286919831224
0.12223393045310854
0.1231578947368421
0.12302839116719243
0.12289915966386554
0.12277019937040923
0.12264150943396226
0.1225130890052356
0.12238493723849372
0.12225705329153605
0.12212943632567849
0.12200208550573514
0.121875
0.12174817898022892
0.12162162162162163
0.12149532710280374
0.12136929460580913
0.12124352331606218
0.12111801242236025
0.12099276111685625
0.12086776859504132
0.12074303405572756
0.12061855670103093
0.12049433573635428
0.12037037037037036
0.12024665981500514
0.12012320328542095
0.12
0.12090163934426229
0.12077789150460594
0.12065439672801637
0.1205311542390194
0.12040816326530612
0.12028542303771661
0.12016293279022404
0.12004069175991862
0.11991869918699187
0.11979695431472082
0.11967545638945233
0.11955420466058764
0.1194331983805668
0.11931243680485339
0.1191919191919192
0.11907164480322906
0.11895161290322581
0.11883182275931521
0.11871227364185111
0.1185929648241206
0.11847389558232932
0.11835506519558676
0.11823647294589178
0.11811811811811812
0.118
0.11888111888111888
