0.5
0.3333333333333333
0.25
0.4
0.3333333333333333
0.42857142857142855
0.375
0.4444444444444444
0.5
0.45454545454545453
0.4166666666666667
0.46153846153846156
0.5
0.4666666666666667
0.4375
0.47058823529411764
0.4444444444444444
0.42105263157894735
0.45
0.42857142857142855
0.45454545454545453
0.43478260869565216
0.4583333333333333
0.48
0.46153846153846156
0.4444444444444444
0.42857142857142855
0.41379310344827586
0.4
0.3870967741935484
0.375
0.36363636363636365
0.35294117647058826
0.37142857142857144
0.3611111111111111
0.3783783783783784
0.3684210526315789
0.358974358974359
0.35
0.34146341463414637
0.3333333333333333
0.32558139534883723
0.3181818181818182
0.3111111111111111
0.30434782608695654
0.2978723404255319
0.2916666666666667
0.2857142857142857
0.28
0.27450980392156865
0.28846153846153844
0.2830188679245283
0.2777777777777778
0.2727272727272727
0.26785714285714285
0.2807017543859649
0.27586206896551724
0.2711864406779661
0.26666666666666666
0.2786885245901639
0.27419354838709675
0.2698412698412698
0.28125
0.27692307692307694
0.2878787878787879
0.2835820895522388
0.27941176470588236
0.2753623188405797
0.2714285714285714
0.28169014084507044
0.2777777777777778
0.273972602739726
0.2702702702702703
0.26666666666666666
0.2631578947368421
0.2597402597402597
0.2564102564102564
0.25316455696202533
0.25
0.24691358024691357
0.24390243902439024
0.24096385542168675
0.23809523809523808
0.23529411764705882
0.23255813953488372
0.22988505747126436
0.22727272727272727
0.2247191011235955
0.2222222222222222
0.21978021978021978
0.21739130434782608
0.21505376344086022
0.2127659574468085
0.21052631578947367
0.20833333333333334
0.20618556701030927
0.20408163265306123
0.20202020202020202
0.21
0.21782178217821782
0.21568627450980393
0.21359223300970873
0.22115384615384615
0.21904761904761905
0.2169811320754717
0.21495327102803738
0.21296296296296297
0.21100917431192662
0.20909090909090908
0.2072072072072072
0.20535714285714285
0.20353982300884957
0.20175438596491227
0.2
0.20689655172413793
0.20512820512820512
0.2033898305084746
0.21008403361344538
0.20833333333333334
0.21487603305785125
0.21311475409836064
0.21138211382113822
0.20967741935483872
0.208
0.21428571428571427
0.2125984251968504
0.2109375
0.20930232558139536
0.2076923076923077
0.20610687022900764
0.20454545454545456
0.20300751879699247
0.208955223880597
0.21481481481481482
0.21323529411764705
0.2116788321167883
0.21014492753623187
0.20863309352517986
0.21428571428571427
0.2127659574468085
0.2112676056338028
0.2097902097902098
0.20833333333333334
0.20689655172413793
0.2054794520547945
0.20408163265306123
0.20270270270270271
0.20134228187919462
0.2
0.1986754966887417
0.20394736842105263
0.20261437908496732
0.2012987012987013
0.2
0.1987179487179487
0.19745222929936307
0.1962025316455696
0.1949685534591195
0.19375
0.19254658385093168
0.19135802469135801
0.19631901840490798
0.1951219512195122
0.19393939393939394
0.1927710843373494
0.19161676646706588
0.19642857142857142
0.1952662721893491
0.19411764705882353
0.19883040935672514
0.19767441860465115
0.19653179190751446
0.19540229885057472
0.2
0.20454545454545456
0.2033898305084746
0.20224719101123595
0.2011173184357542
0.2
0.19889502762430938
0.2032967032967033
0.20218579234972678
0.20108695652173914
0.20540540540540542
0.20430107526881722
0.20320855614973263
0.2074468085106383
0.20634920634920634
0.20526315789473684
0.20418848167539266
0.203125
0.20207253886010362
0.20618556701030927
0.20512820512820512
0.20408163265306123
0.20304568527918782
0.20202020202020202
0.20100502512562815
0.2
0.19900497512437812
0.19801980198019803
0.2019704433497537
0.20588235294117646
0.2048780487804878
0.20388349514563106
0.20772946859903382
0.20673076923076922
0.21052631578947367
0.20952380952380953
0.20853080568720378
0.20754716981132076
0.20657276995305165
0.205607476635514
0.20465116279069767
0.2037037037037037
0.20276497695852536
0.2018348623853211
0.2009132420091324
0.2
0.19909502262443438
0.1981981981981982
0.19730941704035873
0.19642857142857142
0.2
0.19911504424778761
0.19823788546255505
0.19736842105263158
0.1965065502183406
0.1956521739130435
0.19480519480519481
0.1939655172413793
0.19313304721030042
0.19230769230769232
0.19148936170212766
0.1906779661016949
0.189873417721519
0.18907563025210083
0.18828451882845187
0.1875
0.18672199170124482
0.1859504132231405
0.18518518518518517
0.18442622950819673
0.18775510204081633
0.1910569105691057
0.1902834008097166
0.18951612903225806
0.18875502008032127
0.192
0.19123505976095617
0.19047619047619047
0.18972332015810275
0.1889763779527559
0.18823529411764706
0.1875
0.1867704280155642
0.18604651162790697
0.18532818532818532
0.18461538461538463
0.1839080459770115
0.183206106870229
0.18250950570342206
0.18181818181818182
0.1811320754716981
0.18045112781954886
0.1797752808988764
0.1791044776119403
0.17843866171003717
0.1814814814814815
0.18081180811808117
0.1801470588235294
0.1794871794871795
0.17883211678832117
0.1781818181818182
0.17753623188405798
0.17689530685920576
0.17625899280575538
0.17921146953405018
0.17857142857142858
0.17793594306049823
0.1773049645390071
0.17667844522968199
0.176056338028169
0.17894736842105263
0.17832167832167833
0.17770034843205576
0.17708333333333334
0.17647058823529413
0.17586206896551723
0.17525773195876287
0.17465753424657535
0.17406143344709898
0.17346938775510204
0.17627118644067796
0.17567567567567569
0.1750841750841751
0.174496644295302
0.17725752508361203
0.17666666666666667
0.1760797342192691
0.17549668874172186
0.17491749174917492
0.17434210526315788
0.1737704918032787
0.17320261437908496
0.17263843648208468
0.17207792207792208
0.17475728155339806
0.17419354838709677
0.17363344051446947
0.17307692307692307
0.17252396166134185
0.17197452229299362
0.17142857142857143
0.17088607594936708
0.17034700315457413
0.16981132075471697
0.16927899686520376
0.16875
0.16822429906542055
0.16770186335403728
0.16718266253869968
0.16666666666666666
0.16615384615384615
0.1656441717791411
0.1651376146788991
0.16463414634146342
0.1641337386018237
0.16363636363636364
0.16314199395770393
0.16265060240963855
0.16216216216216217
0.16167664670658682
0.16119402985074627
0.16071428571428573
0.16023738872403562
0.15976331360946747
0.1592920353982301
0.1588235294117647
0.15835777126099707
0.15789473684210525
0.15743440233236153
0.1569767441860465
0.1565217391304348
0.15606936416184972
0.15561959654178675
0.15517241379310345
0.15472779369627507
0.15714285714285714
0.15669515669515668
0.15625
0.1558073654390935
0.1553672316384181
0.15492957746478872
0.15730337078651685
0.1568627450980392
0.1564245810055866
0.15877437325905291
0.15833333333333333
0.15789473684210525
0.1574585635359116
0.15702479338842976
0.1565934065934066
0.15616438356164383
0.1557377049180328
0.1553133514986376
0.15489130434782608
0.15718157181571815
0.15675675675675677
0.15633423180592992
0.15591397849462366
0.1554959785522788
0.15508021390374332
0.15733333333333333
0.15691489361702127
0.15649867374005305
0.15608465608465608
0.15567282321899736
0.15526315789473685
0.15485564304461943
0.1544502617801047
0.15404699738903394
0.15625
0.15584415584415584
0.15544041450777202
0.15503875968992248
0.15463917525773196
0.15424164524421594
0.1564102564102564
0.15601023017902813
0.1556122448979592
0.15521628498727735
0.1548223350253807
0.15443037974683543
0.15404040404040403
0.15365239294710328
0.15326633165829145
0.15288220551378445
0.1525
0.15211970074812967
0.1517412935323383
0.1513647642679901
0.15099009900990099
0.1506172839506173
0.15024630541871922
0.14987714987714987
0.14950980392156862
0.1491442542787286
0.14878048780487804
0.14841849148418493
0.14805825242718446
0.14769975786924938
0.1473429951690821
0.14698795180722893
0.1466346153846154
0.14628297362110312
0.145933014354067
0.14558472553699284
0.14761904761904762
0.14726840855106887
0.14691943127962084
0.14657210401891252
0.14622641509433962
0.14588235294117646
0.14553990610328638
0.1451990632318501
0.14485981308411214
0.1445221445221445
0.14418604651162792
0.14385150812064965
0.14351851851851852
0.14318706697459585
0.14285714285714285
0.1425287356321839
0.14220183486238533
0.14187643020594964
0.14383561643835616
0.14350797266514806
0.1431818181818182
0.14285714285714285
0.1425339366515837
0.14221218961625282
0.14189189189189189
0.14157303370786517
0.1412556053811659
0.14093959731543623
0.140625
0.14253897550111358
0.14222222222222222
0.1419068736141907
0.14380530973451328
0.1434878587196468
0.14317180616740088
0.14285714285714285
0.1425438596491228
0.1422319474835886
0.14192139737991266
0.14161220043572983
0.14347826086956522
0.14316702819956617
0.14285714285714285
0.1447084233261339
0.14439655172413793
0.14408602150537633
0.14377682403433475
0.14346895074946467
0.14316239316239315
0.14285714285714285
0.1425531914893617
0.14437367303609341
0.1440677966101695
0.14376321353065538
0.14345991561181434
0.1431578947368421
0.14285714285714285
0.14255765199161424
0.14225941422594143
0.1419624217118998
0.14166666666666666
0.14137214137214138
0.14107883817427386
0.14078674948240166
0.14049586776859505
0.1402061855670103
0.13991769547325103
0.13963039014373715
0.13934426229508196
0.1390593047034765
0.13877551020408163
0.1384928716904277
0.1402439024390244
0.13995943204868155
0.1396761133603239
0.1393939393939394
0.13911290322580644
0.14084507042253522
0.142570281124498
0.14228456913827656
0.142
0.14171656686626746
0.14143426294820718
0.1411530815109344
0.14087301587301587
0.1405940594059406
0.14031620553359683
0.14003944773175542
0.13976377952755906
0.14145383104125736
0.1411764705882353
0.14090019569471623
0.140625
0.14035087719298245
0.14007782101167315
0.13980582524271845
0.14147286821705427
0.14119922630560927
0.14092664092664092
0.14065510597302505
0.14038461538461539
0.1401151631477927
0.13984674329501914
0.13957934990439771
0.13931297709923665
0.13904761904761906
0.13878326996197718
0.13851992409867173
0.13825757575757575
0.13799621928166353
0.13773584905660377
0.1374764595103578
0.13721804511278196
0.13696060037523453
0.13670411985018727
0.13644859813084112
0.13619402985074627
0.13594040968342644
0.13568773234200743
0.13543599257884972
0.13518518518518519
0.1367837338262477
0.13653136531365315
0.13627992633517497
0.13602941176470587
0.13577981651376148
0.13553113553113552
0.13528336380255943
0.13503649635036497
0.13479052823315119
0.13454545454545455
0.13611615245009073
0.1358695652173913
0.13562386980108498
0.13537906137184116
0.13693693693693693
0.1366906474820144
0.13644524236983843
0.13620071684587814
0.13595706618962433
0.1357142857142857
0.1354723707664884
0.13523131672597866
0.1349911190053286
0.1347517730496454
0.13451327433628318
0.13427561837455831
0.13403880070546736
0.13380281690140844
0.1335676625659051
0.13508771929824562
0.13485113835376533
0.1346153846153846
0.1343804537521815
0.13414634146341464
0.13391304347826086
0.13368055555555555
0.13344887348353554
0.13321799307958476
0.13298791018998274
0.13275862068965516
0.13253012048192772
0.1323024054982818
0.13379073756432247
0.13356164383561644
0.13333333333333333
0.13310580204778158
0.13287904599659284
0.1326530612244898
0.13412563667232597
0.13389830508474576
0.13367174280879865
0.13344594594594594
0.13322091062394603
0.132996632996633
0.13277310924369748
0.1342281879194631
0.13400335008375208
0.13377926421404682
0.1335559265442404
0.135
0.13643926788685523
0.1362126245847176
0.13598673300165837
0.1357615894039735
0.13553719008264462
0.1353135313531353
0.13509060955518945
0.13486842105263158
0.13464696223316913
0.13442622950819672
0.1342062193126023
0.13398692810457516
0.13376835236541598
0.13517915309446255
0.13658536585365855
0.13636363636363635
0.13614262560777957
0.13592233009708737
0.13570274636510501
0.13548387096774195
0.13526570048309178
0.13504823151125403
0.1348314606741573
0.1346153846153846
0.1344
0.134185303514377
0.13556618819776714
0.13535031847133758
0.13513513513513514
0.1349206349206349
0.1347068145800317
0.1360759493670886
0.1358609794628752
0.13564668769716087
0.13543307086614173
0.13522012578616352
0.13500784929356358
0.13479623824451412
0.13458528951486698
0.134375
0.13416536661466458
0.13395638629283488
0.13374805598755832
0.13509316770186336
0.13488372093023257
0.1346749226006192
0.13446676970633695
0.13425925925925927
0.13405238828967642
0.13384615384615384
0.1336405529953917
0.13496932515337423
0.1362940275650842
0.13608562691131498
0.13740458015267176
0.13719512195121952
0.136986301369863
0.13677811550151975
0.13657056145675264
0.13636363636363635
0.1361573373676248
0.13595166163141995
0.13574660633484162
0.1355421686746988
0.13533834586466165
0.13513513513513514
0.13493253373313344
0.1347305389221557
0.13452914798206278
0.13432835820895522
0.13412816691505217
0.13392857142857142
0.1337295690936107
0.13353115727002968
0.13333333333333333
0.13313609467455623
0.1329394387001477
0.13274336283185842
0.1325478645066274
0.1323529411764706
0.13215859030837004
0.13196480938416422
0.13177159590043924
0.13157894736842105
0.13138686131386862
0.13119533527696792
0.13100436681222707
0.1308139534883721
0.13062409288824384
0.1318840579710145
0.1316931982633864
0.1315028901734104
0.13275613275613277
0.13256484149855907
0.13237410071942446
0.13218390804597702
0.13199426111908177
0.1318051575931232
0.13161659513590845
0.13142857142857142
0.1312410841654779
0.13105413105413105
0.13229018492176386
0.13210227272727273
0.13191489361702127
0.13172804532577903
0.13154172560113153
0.13135593220338984
0.1311706629055007
0.13098591549295774
0.1308016877637131
0.1306179775280899
0.13043478260869565
0.13025210084033614
0.13006993006993006
0.12988826815642457
0.1297071129707113
0.12952646239554316
0.12934631432545202
0.12916666666666668
0.1289875173370319
0.12880886426592797
0.12863070539419086
0.12845303867403315
0.12827586206896552
0.128099173553719
0.1279229711141678
0.12774725274725274
0.12757201646090535
0.1273972602739726
0.12722298221614228
0.12704918032786885
0.12687585266030013
0.12670299727520437
0.12653061224489795
0.12635869565217392
0.12618724559023067
0.12601626016260162
0.12584573748308525
0.12567567567567567
0.12550607287449392
0.12668463611859837
0.126514131897712
0.12634408602150538
0.1261744966442953
0.1260053619302949
0.12583668005354753
0.12566844919786097
0.12550066755674233
0.12533333333333332
0.12516644474034622
0.125
0.1248339973439575
0.1246684350132626
0.12450331125827814
0.12566137566137567
0.12549537648612946
0.12532981530343007
0.1251646903820817
0.125
0.12483574244415244
0.12467191601049869
0.12450851900393185
0.1243455497382199
0.12418300653594772
0.12402088772845953
0.12385919165580182
0.125
0.12483745123537061
0.12467532467532468
0.1245136186770428
0.12435233160621761
0.12419146183699871
0.12403100775193798
0.12387096774193548
0.12371134020618557
0.12355212355212356
0.12339331619537275
0.12323491655969192
0.12307692307692308
0.12291933418693982
0.12276214833759591
0.12260536398467432
0.12244897959183673
0.12229299363057325
0.12213740458015267
0.12198221092757307
0.1218274111675127
0.12167300380228137
0.12151898734177215
0.1213653603034134
0.12121212121212122
0.1210592686002522
0.12090680100755667
0.12075471698113208
0.12060301507537688
0.12045169385194479
0.12030075187969924
0.12015018773466833
0.12
0.1198501872659176
0.11970074812967581
0.11955168119551682
0.11940298507462686
0.11925465838509317
0.11910669975186104
0.11895910780669144
0.1188118811881188
0.11866501854140915
0.11851851851851852
0.11837237977805179
0.11822660098522167
0.11931119311193111
0.11916461916461916
0.11901840490797547
0.11887254901960784
0.11872705018359853
0.11858190709046455
0.11843711843711843
0.11829268292682926
0.11814859926918392
0.11800486618004866
0.11786148238153099
0.11771844660194175
0.11757575757575757
0.11743341404358354
0.11729141475211609
0.11714975845410629
0.11700844390832328
0.11686746987951807
0.11672683513838748
0.11658653846153846
0.11764705882352941
0.11750599520383694
0.11736526946107785
0.11722488038277512
0.11708482676224612
0.11694510739856802
0.11680572109654351
0.11666666666666667
0.11652794292508918
0.1163895486935867
0.1162514827995255
0.11611374407582939
0.11597633136094675
0.11583924349881797
0.11570247933884298
0.11556603773584906
0.1154299175500589
0.11529411764705882
0.11633372502937721
0.11619718309859155
0.1160609613130129
0.11592505854800937
0.11578947368421053
0.11565420560747663
0.11551925320886815
0.11655011655011654
0.11641443538998836
0.11627906976744186
0.11614401858304298
0.11600928074245939
0.11587485515643106
0.11689814814814815
0.11676300578034682
0.11662817551963048
0.11649365628604383
0.11635944700460829
0.11622554660529344
0.11609195402298851
0.11595866819747416
0.1158256880733945
0.1156930126002291
0.11556064073226545
0.11542857142857142
0.11529680365296803
0.11516533637400228
0.11503416856492027
0.1149032992036405
0.11477272727272728
0.11464245175936436
0.1145124716553288
0.1143827859569649
0.11425339366515837
0.11412429378531073
0.11399548532731377
0.11386696730552424
0.11373873873873874
0.11473565804274466
0.1146067415730337
0.11560044893378227
0.11547085201793722
0.11534154535274356
0.11521252796420582
0.11508379888268157
0.11495535714285714
0.11482720178372352
0.11469933184855234
0.11457174638487208
0.11444444444444445
0.11431742508324085
0.11419068736141907
0.11406423034330011
0.11393805309734513
0.1138121546961326
0.11368653421633554
0.11356119073869901
0.11343612334801761
0.11331133113311331
0.11318681318681319
0.11306256860592755
0.11293859649122807
0.11281489594742607
0.11269146608315099
0.11256830601092896
0.11244541484716157
0.11232279171210469
0.11220043572984749
0.11316648531011969
0.11304347826086956
0.11292073832790445
0.11279826464208242
0.11267605633802817
0.11255411255411256
0.11243243243243244
0.11231101511879049
0.1121898597626753
0.11314655172413793
0.11302475780409042
0.11290322580645161
0.11278195488721804
0.11266094420600858
0.11254019292604502
0.11241970021413276
0.11229946524064172
0.11217948717948718
0.11205976520811099
0.11194029850746269
0.11182108626198083
0.1127659574468085
0.1126461211477152
0.11358811040339703
0.11346765641569459
0.11334745762711865
0.11428571428571428
0.11416490486257928
0.11404435058078141
0.1149789029535865
0.1148577449947313
0.11473684210526315
0.11461619348054679
0.11449579831932773
0.11437565582371459
0.11425576519916142
0.11413612565445026
0.11401673640167365
0.11389759665621735
0.11377870563674322
0.11366006256517205
0.11354166666666667
0.11342351716961499
0.11330561330561331
0.11318795430944964
0.11307053941908714
0.11295336787564766
0.11283643892339544
0.11271975180972078
0.11260330578512397
0.11248710010319918
0.11237113402061856
0.11225540679711637
0.11213991769547325
0.11202466598150052
0.11293634496919917
0.11282051282051282
0.11270491803278689
0.11258955987717502
0.11247443762781185
0.11235955056179775
0.11224489795918367
0.11213047910295616
0.1120162932790224
0.11190233977619532
0.11178861788617886
0.1116751269035533
0.11257606490872211
0.11246200607902736
0.11234817813765183
0.1122345803842265
0.11212121212121212
0.11301715438950555
0.11290322580645161
0.11278952668680765
0.11267605633802817
0.1135678391959799
0.11345381526104417
0.11334002006018054
0.11322645290581163
0.11311311311311312
0.113
0.11288711288711288
