0.5
0.3333333333333333
0.25
0.2
0.3333333333333333
0.2857142857142857
0.25
0.2222222222222222
0.2
0.18181818181818182
0.25
0.23076923076923078
0.21428571428571427
0.2
0.1875
0.17647058823529413
0.16666666666666666
0.15789473684210525
0.15
0.14285714285714285
0.13636363636363635
0.13043478260869565
0.125
0.16
0.19230769230769232
0.18518518518518517
0.21428571428571427
0.2413793103448276
0.23333333333333334
0.22580645161290322
0.21875
0.21212121212121213
0.20588235294117646
0.2
0.19444444444444445
0.1891891891891892
0.18421052631578946
0.1794871794871795
0.175
0.17073170731707318
0.16666666666666666
0.18604651162790697
0.18181818181818182
0.17777777777777778
0.17391304347826086
0.1702127659574468
0.16666666666666666
0.16326530612244897
0.16
0.1568627450980392
0.15384615384615385
0.1509433962264151
0.16666666666666666
0.16363636363636364
0.16071428571428573
0.15789473684210525
0.15517241379310345
0.15254237288135594
0.15
0.14754098360655737
0.14516129032258066
0.14285714285714285
0.15625
0.15384615384615385
0.16666666666666666
0.16417910447761194
0.16176470588235295
0.15942028985507245
0.15714285714285714
0.15492957746478872
0.1527777777777778
0.1506849315068493
0.14864864864864866
0.14666666666666667
0.14473684210526316
0.14285714285714285
0.15384615384615385
0.1518987341772152
0.15
0.14814814814814814
0.14634146341463414
0.14457831325301204
0.14285714285714285
0.1411764705882353
0.13953488372093023
0.14942528735632185
0.14772727272727273
0.15730337078651685
0.15555555555555556
0.15384615384615385
0.15217391304347827
0.15053763440860216
0.14893617021276595
0.14736842105263157
0.14583333333333334
0.14432989690721648
0.14285714285714285
0.1414141414141414
0.14
0.13861386138613863
0.13725490196078433
0.13592233009708737
0.1346153846153846
0.13333333333333333
0.1320754716981132
0.1308411214953271
0.12962962962962962
0.12844036697247707
0.12727272727272726
0.13513513513513514
0.13392857142857142
0.1415929203539823
0.14912280701754385
0.14782608695652175
0.14655172413793102
0.1452991452991453
0.1440677966101695
0.14285714285714285
0.15
0.1487603305785124
0.14754098360655737
0.14634146341463414
0.14516129032258066
0.152
0.15079365079365079
0.14960629921259844
0.1484375
0.15503875968992248
0.15384615384615385
0.15267175572519084
0.15151515151515152
0.15037593984962405
0.14925373134328357
0.14814814814814814
0.14705882352941177
0.145985401459854
0.14492753623188406
0.1510791366906475
0.15
0.14893617021276595
0.14788732394366197
0.14685314685314685
0.14583333333333334
0.14482758620689656
0.1506849315068493
0.14965986394557823
0.14864864864864866
0.15436241610738255
0.15333333333333332
0.15894039735099338
0.15789473684210525
0.1568627450980392
0.15584415584415584
0.15483870967741936
0.15384615384615385
0.15286624203821655
0.15822784810126583
0.15723270440251572
0.1625
0.16149068322981366
0.16049382716049382
0.15950920245398773
0.16463414634146342
0.16363636363636364
0.16265060240963855
0.16167664670658682
0.16071428571428573
0.15976331360946747
0.1588235294117647
0.15789473684210525
0.1569767441860465
0.15606936416184972
0.16091954022988506
0.1657142857142857
0.17045454545454544
0.1694915254237288
0.16853932584269662
0.16759776536312848
0.16666666666666666
0.16574585635359115
0.16483516483516483
0.16393442622950818
0.16304347826086957
0.16216216216216217
0.16129032258064516
0.16042780748663102
0.1595744680851064
0.15873015873015872
0.15789473684210525
0.15706806282722513
0.15625
0.16062176165803108
0.15979381443298968
0.1641025641025641
0.16326530612244897
0.16243654822335024
0.16161616161616163
0.16080402010050251
0.16
0.15920398009950248
0.15841584158415842
0.15763546798029557
0.1568627450980392
0.15609756097560976
0.1553398058252427
0.15458937198067632
0.15384615384615385
0.15311004784688995
0.1523809523809524
0.15165876777251186
0.1509433962264151
0.15023474178403756
0.14953271028037382
0.14883720930232558
0.14814814814814814
0.14746543778801843
0.14678899082568808
0.1461187214611872
0.14545454545454545
0.14479638009049775
0.14414414414414414
0.14349775784753363
0.14285714285714285
0.14222222222222222
0.1415929203539823
0.14096916299559473
0.14035087719298245
0.13973799126637554
0.14347826086956522
0.14285714285714285
0.14224137931034483
0.14163090128755365
0.14102564102564102
0.14042553191489363
0.13983050847457626
0.13924050632911392
0.13865546218487396
0.13807531380753138
0.1375
0.13692946058091288
0.13636363636363635
0.13580246913580246
0.13934426229508196
0.14285714285714285
0.14227642276422764
0.1417004048582996
0.14112903225806453
0.14056224899598393
0.14
0.1394422310756972
0.1388888888888889
0.1383399209486166
0.14173228346456693
0.1411764705882353
0.14453125
0.14396887159533073
0.1434108527131783
0.14671814671814673
0.14615384615384616
0.14559386973180077
0.14885496183206107
0.1520912547528517
0.15151515151515152
0.1509433962264151
0.15037593984962405
0.149812734082397
0.14925373134328357
0.14869888475836432
0.15185185185185185
0.15129151291512916
0.15073529411764705
0.15018315018315018
0.15328467153284672
0.15272727272727274
0.15217391304347827
0.15162454873646208
0.1510791366906475
0.15053763440860216
0.15
0.15302491103202848
0.1524822695035461
0.1519434628975265
0.15140845070422534
0.15087719298245614
0.15034965034965034
0.14982578397212543
0.14930555555555555
0.14878892733564014
0.1482758620689655
0.14776632302405499
0.14726027397260275
0.14675767918088736
0.14625850340136054
0.14576271186440679
0.14527027027027026
0.1447811447811448
0.14429530201342283
0.14715719063545152
0.14666666666666667
0.1461794019933555
0.1456953642384106
0.1485148514851485
0.14802631578947367
0.14754098360655737
0.14705882352941177
0.1465798045602606
0.1461038961038961
0.14563106796116504
0.14516129032258066
0.14469453376205788
0.14423076923076922
0.14376996805111822
0.14331210191082802
0.14603174603174604
0.14556962025316456
0.14511041009463724
0.14465408805031446
0.14733542319749215
0.146875
0.14641744548286603
0.14906832298136646
0.14860681114551083
0.14814814814814814
0.1476923076923077
0.147239263803681
0.14984709480122324
0.14939024390243902
0.14893617021276595
0.15151515151515152
0.1510574018126888
0.15060240963855423
0.15315315315315314
0.15269461077844312
0.15223880597014924
0.15178571428571427
0.1513353115727003
0.15088757396449703
0.1504424778761062
0.15
0.1495601173020528
0.14912280701754385
0.15160349854227406
0.1511627906976744
0.15072463768115943
0.15028901734104047
0.14985590778097982
0.14942528735632185
0.1489971346704871
0.14857142857142858
0.150997150997151
0.15056818181818182
0.1501416430594901
0.1497175141242938
0.14929577464788732
0.14887640449438203
0.1484593837535014
0.14804469273743018
0.14763231197771587
0.14722222222222223
0.14681440443213298
0.1464088397790055
0.14600550964187328
0.14560439560439561
0.14520547945205478
0.1448087431693989
0.1444141689373297
0.14402173913043478
0.14363143631436315
0.14324324324324325
0.14285714285714285
0.1424731182795699
0.14209115281501342
0.14171122994652408
0.144
0.14361702127659576
0.14323607427055704
0.14285714285714285
0.1424802110817942
0.14210526315789473
0.14173228346456693
0.14136125654450263
0.1409921671018277
0.140625
0.14025974025974025
0.13989637305699482
0.13953488372093023
0.13917525773195877
0.13881748071979436
0.13846153846153847
0.13810741687979539
0.1377551020408163
0.13740458015267176
0.13705583756345177
0.13670886075949368
0.13636363636363635
0.13602015113350127
0.135678391959799
0.13533834586466165
0.135
0.13466334164588528
0.13432835820895522
0.13399503722084366
0.13366336633663367
0.13333333333333333
0.1330049261083744
0.13267813267813267
0.1323529411764706
0.13202933985330073
0.13170731707317074
0.13138686131386862
0.13349514563106796
0.13317191283292978
0.13285024154589373
0.13253012048192772
0.13221153846153846
0.13189448441247004
0.1339712918660287
0.13365155131264916
0.13333333333333333
0.1330166270783848
0.13270142180094788
0.13238770685579196
0.1320754716981132
0.13176470588235295
0.13145539906103287
0.13348946135831383
0.13317757009345793
0.13286713286713286
0.1325581395348837
0.1345707656612529
0.13425925925925927
0.13625866050808313
0.1359447004608295
0.135632183908046
0.1353211009174312
0.13501144164759726
0.13470319634703196
0.13439635535307518
0.1340909090909091
0.13378684807256236
0.1334841628959276
0.13318284424379231
0.13288288288288289
0.1348314606741573
0.1367713004484305
0.13646532438478748
0.13616071428571427
0.1358574610244989
0.13555555555555557
0.1352549889135255
0.13495575221238937
0.1346578366445916
0.1343612334801762
0.13406593406593406
0.1337719298245614
0.13347921225382933
0.1331877729257642
0.1328976034858388
0.13260869565217392
0.13232104121475055
0.13203463203463203
0.13174946004319654
0.1314655172413793
0.13333333333333333
0.13304721030042918
0.1349036402569593
0.1346153846153846
0.13432835820895522
0.13404255319148936
0.1337579617834395
0.13347457627118645
0.1331923890063425
0.13291139240506328
0.13263157894736843
0.1323529411764706
0.1320754716981132
0.13179916317991633
0.1315240083507307
0.13125
0.13097713097713098
0.13070539419087138
0.13043478260869565
0.13016528925619836
0.12989690721649486
0.12962962962962962
0.1293634496919918
0.1290983606557377
0.12883435582822086
0.12857142857142856
0.12830957230142567
0.12804878048780488
0.12778904665314403
0.12753036437246965
0.12727272727272726
0.12903225806451613
0.12877263581488935
0.1285140562248996
0.1282565130260521
0.128
0.1277445109780439
0.12749003984063745
0.1272365805168986
0.12698412698412698
0.12673267326732673
0.12648221343873517
0.126232741617357
0.12598425196850394
0.12573673870333987
0.12549019607843137
0.12720156555772993
0.126953125
0.1267056530214425
0.1264591439688716
0.1262135922330097
0.12596899224806202
0.12572533849129594
0.12548262548262548
0.1252408477842004
0.125
0.12476007677543186
0.12452107279693486
0.124282982791587
0.12404580152671756
0.12380952380952381
0.12357414448669202
0.12333965844402277
0.12310606060606061
0.12287334593572778
0.12264150943396226
0.1224105461393597
0.12406015037593984
0.12382739212007504
0.12359550561797752
0.1233644859813084
0.12313432835820895
0.12290502793296089
0.12267657992565056
0.12244897959183673
0.12222222222222222
0.12199630314232902
0.12177121771217712
0.12154696132596685
0.1213235294117647
0.12110091743119267
0.1227106227106227
0.12248628884826325
0.12226277372262774
0.122040072859745
0.12181818181818181
0.12159709618874773
0.1213768115942029
0.12115732368896925
0.12093862815884476
0.12072072072072072
0.12050359712230216
0.12028725314183124
0.12007168458781362
0.11985688729874776
0.12142857142857143
0.12121212121212122
0.12099644128113879
0.12255772646536411
0.12234042553191489
0.12212389380530973
0.12190812720848057
0.12169312169312169
0.12147887323943662
0.12126537785588752
0.12105263157894737
0.12084063047285463
0.12062937062937062
0.12041884816753927
0.12020905923344948
0.12
0.11979166666666667
0.1195840554592721
0.11937716262975778
0.11917098445595854
0.11896551724137931
0.11876075731497418
0.11855670103092783
0.1183533447684391
0.11986301369863013
0.11965811965811966
0.11945392491467577
0.11925042589437819
0.11904761904761904
0.11884550084889643
0.11864406779661017
0.11844331641285956
0.11993243243243243
0.11973018549747048
0.11952861952861953
0.11932773109243698
0.11912751677852348
0.11892797319932999
0.11872909698996656
0.11853088480801335
0.11833333333333333
0.11813643926788686
0.11794019933554817
0.11774461028192372
0.11754966887417219
0.11735537190082644
0.11716171617161716
0.11696869851729819
0.11677631578947369
0.11658456486042693
0.1180327868852459
0.11783960720130933
0.11764705882352941
0.11745513866231648
0.11726384364820847
0.11707317073170732
0.11688311688311688
0.1166936790923825
0.11650485436893204
0.11631663974151858
0.11612903225806452
0.11594202898550725
0.1157556270096463
0.11717495987158909
0.11858974358974358
0.1184
0.1182108626198083
0.11802232854864433
0.1178343949044586
0.11764705882352941
0.11746031746031746
0.11885895404120443
0.11867088607594936
0.11848341232227488
0.11829652996845426
0.11811023622047244
0.11949685534591195
0.11930926216640503
0.11912225705329153
0.1189358372456964
0.11875
0.11856474258970359
0.11838006230529595
0.1181959564541213
0.11801242236024845
0.11782945736434108
0.11764705882352941
0.11746522411128284
0.11728395061728394
0.11710323574730354
0.11846153846153847
0.11827956989247312
0.11809815950920245
0.11791730474732007
0.11773700305810397
0.11755725190839694
0.1173780487804878
0.1171993911719939
0.11702127659574468
0.11684370257966616
0.11666666666666667
0.11649016641452345
0.11782477341389729
0.1191553544494721
0.11897590361445783
0.11879699248120301
0.11861861861861862
0.1184407796101949
0.11826347305389222
0.11808669656203288
0.11791044776119403
0.11773472429210134
0.11755952380952381
0.11738484398216939
0.1172106824925816
0.11851851851851852
0.11834319526627218
0.11816838995568685
0.11799410029498525
0.11782032400589101
0.11764705882352941
0.11747430249632893
0.11730205278592376
0.1171303074670571
0.11695906432748537
0.11678832116788321
0.11661807580174927
0.11644832605531295
0.11627906976744186
0.11611030478955008
0.11594202898550725
0.11577424023154848
0.11560693641618497
0.11544011544011544
0.11527377521613832
0.11510791366906475
0.11494252873563218
0.11477761836441894
0.11461318051575932
0.11444921316165951
0.11428571428571428
0.11412268188302425
0.11538461538461539
0.11522048364153627
0.11505681818181818
0.11631205673758865
0.11614730878186968
0.11598302687411598
0.11581920903954802
0.1156558533145275
0.11549295774647887
0.11533052039381153
0.1151685393258427
0.1150070126227209
0.11484593837535013
0.11468531468531469
0.11452513966480447
0.11436541143654114
0.11420612813370473
0.11543810848400557
0.11527777777777778
0.11511789181692095
0.1149584487534626
0.11479944674965421
0.11464088397790055
0.11448275862068966
0.11432506887052342
0.11416781292984869
0.11401098901098901
0.11385459533607682
0.1136986301369863
0.11354309165526676
0.1133879781420765
0.11323328785811733
0.11307901907356949
0.11292517006802721
0.11277173913043478
0.11261872455902307
0.11246612466124661
0.11231393775372124
0.11216216216216217
0.11201079622132254
0.11185983827493262
0.1117092866756393
0.11290322580645161
0.11275167785234899
0.11394101876675604
0.11378848728246319
0.11363636363636363
0.11348464619492657
0.11333333333333333
0.11318242343541944
0.11303191489361702
0.11420982735723771
0.11405835543766578
0.11390728476821192
0.11375661375661375
0.11492734478203434
0.11609498680738786
0.11594202898550725
0.11710526315789474
0.11695137976346912
0.1167979002624672
0.11664482306684142
0.11649214659685864
0.11633986928104575
0.11618798955613577
0.11603650586701435
0.11588541666666667
0.11703511053315994
0.11688311688311688
0.11673151750972763
0.11658031088082901
0.11642949547218628
0.11627906976744186
0.11612903225806452
0.11597938144329897
0.11583011583011583
0.11568123393316196
0.11553273427471117
0.11538461538461539
0.11651728553137004
0.11636828644501279
0.11621966794380588
0.11607142857142858
0.1159235668789809
0.11577608142493638
0.1156289707750953
0.116751269035533
0.11660329531051965
0.11645569620253164
0.11630847029077118
0.11616161616161616
0.11727616645649433
0.11712846347607053
0.1169811320754717
0.11683417085427136
0.11668757841907151
0.11654135338345864
0.11639549436795996
0.1175
0.11735330836454431
0.1172069825436409
0.11706102117061021
0.11691542288557213
0.11677018633540373
0.11662531017369727
0.11648079306071871
0.11633663366336634
0.1161928306551298
0.11604938271604938
0.1159062885326757
0.11576354679802955
0.11562115621156212
0.11547911547911548
0.11533742331288344
0.11519607843137254
0.11505507955936352
0.11491442542787286
0.11477411477411477
0.11463414634146342
0.11449451887941535
0.11435523114355231
0.11543134872417983
0.11529126213592233
0.11515151515151516
0.11501210653753027
0.11487303506650544
0.11473429951690821
0.11459589867310012
0.1144578313253012
0.11432009626955475
0.1141826923076923
0.11404561824729892
0.11390887290167866
0.11377245508982035
0.11363636363636363
0.1135005973715651
0.11336515513126491
0.11323003575685339
0.1130952380952381
0.11296076099881094
0.11282660332541568
0.11269276393831554
0.11255924170616113
0.11242603550295859
0.11229314420803782
0.11216056670602124
0.11202830188679246
0.11307420494699646
0.11294117647058824
0.1128084606345476
0.11267605633802817
0.11254396248534584
0.11241217798594848
0.11228070175438597
0.11214953271028037
0.11201866977829639
0.11305361305361306
0.1140861466821886
0.11395348837209303
0.11382113821138211
0.1136890951276102
0.11355735805330243
0.11342592592592593
0.11329479768786127
0.11316397228637413
0.11418685121107267
0.1152073732718894
0.11622554660529344
0.11609195402298851
0.11595866819747416
0.1158256880733945
0.1156930126002291
0.11556064073226545
0.11542857142857142
0.11529680365296803
0.11516533637400228
0.11503416856492027
0.1149032992036405
0.11477272727272728
0.11464245175936436
0.1145124716553288
0.1143827859569649
0.11425339366515837
0.11412429378531073
0.11399548532731377
0.11386696730552424
0.11373873873873874
0.11361079865016872
0.11348314606741573
0.11335578002244669
0.1132286995515695
0.11310190369540873
0.11297539149888143
0.11284916201117319
0.11272321428571429
0.11259754738015608
0.11247216035634744
0.11234705228031146
0.11222222222222222
0.1120976692563818
0.11197339246119734
0.11184939091915837
0.11172566371681415
0.11160220994475138
0.11147902869757174
0.1113561190738699
0.11123348017621146
0.1111111111111111
0.11098901098901098
0.11086717892425905
0.11074561403508772
0.11062431544359255
0.11159737417943107
0.11147540983606558
0.11135371179039301
0.11123227917121047
0.1111111111111111
0.11099020674646355
0.1108695652173913
0.11074918566775244
0.11062906724511931
0.1105092091007584
0.11038961038961038
0.11027027027027027
0.1101511879049676
0.11003236245954692
0.10991379310344827
0.10979547900968784
0.10967741935483871
0.10955961331901182
0.11051502145922747
0.11039657020364416
0.11027837259100642
0.11016042780748662
0.11004273504273504
0.10992529348986126
0.10980810234541578
0.10969116080937168
0.10957446808510639
0.10945802337938364
0.10934182590233546
0.10922587486744433
0.10911016949152542
0.10899470899470899
0.10887949260042283
0.10876451953537487
0.10864978902953587
0.10853530031612224
0.10842105263157895
0.10830704521556257
0.10819327731092437
0.1080797481636936
0.10796645702306079
0.10785340314136126
0.10774058577405858
0.10867293625914315
0.10855949895615867
0.10844629822732013
0.10833333333333334
0.10822060353798127
0.10810810810810811
0.10799584631360332
0.1078838174273859
0.1077720207253886
0.10766045548654245
0.10754912099276112
0.10743801652892562
0.10732714138286893
0.10721649484536082
0.10710607621009269
0.10699588477366255
0.10688591983556012
0.10677618069815195
0.10666666666666667
0.10655737704918032
0.10644831115660185
0.10633946830265849
0.1062308478038815
0.10612244897959183
0.10601427115188583
0.10590631364562118
0.10579857578840285
0.10569105691056911
0.10558375634517767
0.10547667342799188
0.10638297872340426
0.1062753036437247
0.10616784630940344
0.10707070707070707
0.10696266397578204
0.10685483870967742
0.1067472306143001
0.10663983903420524
0.10653266331658291
0.10642570281124498
0.10732196589769308
0.10721442885771543
0.10710710710710711
0.108
0.10789210789210789
