0.5
0.6666666666666666
0.75
0.8
0.8333333333333334
0.7142857142857143
0.625
0.6666666666666666
0.6
0.5454545454545454
0.5833333333333334
0.6153846153846154
0.6428571428571429
0.6
0.625
0.5882352941176471
0.5555555555555556
0.5263157894736842
0.5
0.5238095238095238
0.5
0.4782608695652174
0.4583333333333333
0.44
0.4230769230769231
0.4074074074074074
0.39285714285714285
0.3793103448275862
0.36666666666666664
0.3870967741935484
0.40625
0.3939393939393939
0.38235294117647056
0.4
0.4166666666666667
0.40540540540540543
0.39473684210526316
0.38461538461538464
0.375
0.36585365853658536
0.35714285714285715
0.3488372093023256
0.3409090909090909
0.3333333333333333
0.32608695652173914
0.3404255319148936
0.3541666666666667
0.3469387755102041
0.36
0.35294117647058826
0.34615384615384615
0.33962264150943394
0.3333333333333333
0.34545454545454546
0.3392857142857143
0.3333333333333333
0.3448275862068966
0.3389830508474576
0.3333333333333333
0.32786885245901637
0.3225806451612903
0.31746031746031744
0.3125
0.3076923076923077
0.30303030303030304
0.31343283582089554
0.3088235294117647
0.30434782608695654
0.3
0.29577464788732394
0.3055555555555556
0.3150684931506849
0.3108108108108108
0.30666666666666664
0.3026315789473684
0.2987012987012987
0.2948717948717949
0.2911392405063291
0.3
0.2962962962962963
0.3048780487804878
0.3132530120481928
0.30952380952380953
0.3058823529411765
0.3023255813953488
0.2988505747126437
0.3068181818181818
0.30337078651685395
0.3
0.2967032967032967
0.29347826086956524
0.2903225806451613
0.2872340425531915
0.28421052631578947
0.28125
0.27835051546391754
0.2755102040816326
0.2828282828282828
0.29
0.297029702970297
0.29411764705882354
0.2912621359223301
0.28846153846153844
0.2857142857142857
0.2830188679245283
0.2803738317757009
0.28703703703703703
0.28440366972477066
0.2818181818181818
0.27927927927927926
0.2857142857142857
0.2831858407079646
0.2807017543859649
0.2782608695652174
0.27586206896551724
0.27350427350427353
0.2711864406779661
0.2773109243697479
0.275
0.2727272727272727
0.27049180327868855
0.2682926829268293
0.2661290322580645
0.264
0.2619047619047619
0.25984251968503935
0.2578125
0.2558139534883721
0.25384615384615383
0.25190839694656486
0.25
0.24812030075187969
0.2462686567164179
0.24444444444444444
0.2426470588235294
0.24087591240875914
0.2391304347826087
0.23741007194244604
0.2357142857142857
0.23404255319148937
0.23943661971830985
0.23776223776223776
0.24305555555555555
0.2413793103448276
0.23972602739726026
0.23809523809523808
0.23648648648648649
0.2348993288590604
0.23333333333333334
0.23178807947019867
0.23026315789473684
0.22875816993464052
0.22727272727272727
0.23225806451612904
0.23076923076923078
0.2356687898089172
0.23417721518987342
0.23270440251572327
0.23125
0.22981366459627328
0.22839506172839505
0.22699386503067484
0.22560975609756098
0.22424242424242424
0.22289156626506024
0.2215568862275449
0.22023809523809523
0.21893491124260356
0.21764705882352942
0.2222222222222222
0.22093023255813954
0.2254335260115607
0.22988505747126436
0.22857142857142856
0.22727272727272727
0.22598870056497175
0.2247191011235955
0.22346368715083798
0.22777777777777777
0.23204419889502761
0.23076923076923078
0.22950819672131148
0.22826086956521738
0.22702702702702704
0.22580645161290322
0.22459893048128343
0.22340425531914893
0.2222222222222222
0.22631578947368422
0.225130890052356
0.22395833333333334
0.22279792746113988
0.2268041237113402
0.23076923076923078
0.22959183673469388
0.22842639593908629
0.22727272727272727
0.22613065326633167
0.225
0.22388059701492538
0.22277227722772278
0.22167487684729065
0.22549019607843138
0.22439024390243903
0.22330097087378642
0.2222222222222222
0.22115384615384615
0.22009569377990432
0.21904761904761905
0.21800947867298578
0.2169811320754717
0.215962441314554
0.21495327102803738
0.21395348837209302
0.21296296296296297
0.2119815668202765
0.21100917431192662
0.2146118721461187
0.21363636363636362
0.21266968325791855
0.21171171171171171
0.21524663677130046
0.21428571428571427
0.21333333333333335
0.21238938053097345
0.21585903083700442
0.2149122807017544
0.21397379912663755
0.21739130434782608
0.21645021645021645
0.21551724137931033
0.2145922746781116
0.21367521367521367
0.2170212765957447
0.21610169491525424
0.21518987341772153
0.21428571428571427
0.21338912133891214
0.2125
0.21161825726141079
0.21074380165289255
0.20987654320987653
0.20901639344262296
0.20816326530612245
0.2073170731707317
0.20647773279352227
0.20967741935483872
0.20883534136546184
0.208
0.20717131474103587
0.20634920634920634
0.20553359683794467
0.2047244094488189
0.20392156862745098
0.203125
0.20233463035019456
0.20155038759689922
0.20077220077220076
0.2
0.19923371647509577
0.1984732824427481
0.19771863117870722
0.19696969696969696
0.19622641509433963
0.19548872180451127
0.1947565543071161
0.19402985074626866
0.19330855018587362
0.1925925925925926
0.19557195571955718
0.19852941176470587
0.1978021978021978
0.20072992700729927
0.2
0.19927536231884058
0.19855595667870035
0.19784172661870503
0.1971326164874552
0.19642857142857142
0.19572953736654805
0.1950354609929078
0.19434628975265017
0.1936619718309859
0.19298245614035087
0.19230769230769232
0.1916376306620209
0.1909722222222222
0.1903114186851211
0.1896551724137931
0.18900343642611683
0.18835616438356165
0.18771331058020477
0.1870748299319728
0.18983050847457628
0.1891891891891892
0.18855218855218855
0.1912751677852349
0.19063545150501673
0.19
0.19269102990033224
0.19205298013245034
0.19141914191419143
0.19078947368421054
0.19344262295081968
0.19281045751633988
0.19218241042345277
0.19155844155844157
0.19093851132686085
0.19032258064516128
0.18971061093247588
0.1891025641025641
0.18849840255591055
0.18789808917197454
0.1873015873015873
0.189873417721519
0.1892744479495268
0.18867924528301888
0.18808777429467086
0.1875
0.18691588785046728
0.18633540372670807
0.18575851393188855
0.18518518518518517
0.18461538461538463
0.18404907975460122
0.1834862385321101
0.18292682926829268
0.182370820668693
0.18181818181818182
0.18126888217522658
0.18072289156626506
0.18018018018018017
0.17964071856287425
0.18208955223880596
0.18154761904761904
0.18100890207715134
0.1834319526627219
0.18289085545722714
0.18235294117647058
0.18181818181818182
0.18421052631578946
0.18658892128279883
0.18604651162790697
0.1855072463768116
0.18497109826589594
0.1844380403458213
0.1867816091954023
0.18624641833810887
0.18571428571428572
0.18518518518518517
0.1846590909090909
0.18696883852691218
0.1864406779661017
0.18591549295774648
0.1853932584269663
0.1876750700280112
0.1871508379888268
0.18662952646239556
0.18611111111111112
0.18559556786703602
0.1850828729281768
0.18457300275482094
0.18406593406593408
0.1863013698630137
0.18579234972677597
0.18528610354223432
0.18478260869565216
0.1842818428184282
0.1837837837837838
0.18328840970350405
0.1827956989247312
0.18498659517426275
0.18449197860962566
0.184
0.18351063829787234
0.1856763925729443
0.18518518518518517
0.18469656992084432
0.18421052631578946
0.1837270341207349
0.18324607329842932
0.18276762402088773
0.18229166666666666
0.18441558441558442
0.18393782383419688
0.1834625322997416
0.18556701030927836
0.18508997429305912
0.18461538461538463
0.18414322250639387
0.1836734693877551
0.183206106870229
0.18274111675126903
0.18227848101265823
0.18181818181818182
0.181360201511335
0.18090452261306533
0.18045112781954886
0.18
0.17955112219451372
0.1791044776119403
0.17866004962779156
0.1782178217821782
0.17777777777777778
0.17733990147783252
0.1769041769041769
0.17892156862745098
0.1784841075794621
0.17804878048780487
0.17761557177615572
0.17718446601941748
0.17675544794188863
0.17632850241545894
0.1783132530120482
0.18028846153846154
0.17985611510791366
0.18181818181818182
0.18138424821002386
0.18095238095238095
0.1828978622327791
0.18246445497630331
0.18203309692671396
0.18160377358490565
0.1811764705882353
0.1807511737089202
0.18032786885245902
0.17990654205607476
0.1794871794871795
0.17906976744186046
0.18097447795823665
0.18055555555555555
0.18013856812933027
0.17972350230414746
0.18160919540229886
0.1811926605504587
0.18077803203661327
0.18036529680365296
0.17995444191343962
0.17954545454545454
0.17913832199546487
0.17873303167420815
0.17832957110609482
0.17792792792792791
0.17752808988764046
0.17713004484304934
0.1767337807606264
0.17633928571428573
0.1759465478841871
0.17555555555555555
0.17516629711751663
0.17699115044247787
0.17660044150110377
0.1762114537444934
0.17802197802197803
0.17763157894736842
0.1772428884026258
0.17685589519650655
0.17647058823529413
0.17608695652173914
0.175704989154013
0.17532467532467533
0.17494600431965443
0.17456896551724138
0.17419354838709677
0.17381974248927037
0.1734475374732334
0.17307692307692307
0.17270788912579957
0.1723404255319149
0.17197452229299362
0.1716101694915254
0.17124735729386892
0.17088607594936708
0.1726315789473684
0.1722689075630252
0.1719077568134172
0.17154811715481172
0.17118997912317327
0.17083333333333334
0.1704781704781705
0.17012448132780084
0.16977225672877846
0.16942148760330578
0.16907216494845362
0.16872427983539096
0.16837782340862423
0.1680327868852459
0.16768916155419222
0.1673469387755102
0.1670061099796334
0.16666666666666666
0.1663286004056795
0.1659919028340081
0.16565656565656567
0.16532258064516128
0.16498993963782696
0.1646586345381526
0.16432865731462926
0.164
0.16367265469061876
0.16533864541832669
0.16500994035785288
0.16468253968253968
0.16435643564356436
0.16600790513833993
0.16568047337278108
0.16535433070866143
0.1650294695481336
0.16470588235294117
0.16634050880626222
0.166015625
0.16569200779727095
0.16536964980544747
0.1650485436893204
0.16472868217054262
0.1644100580270793
0.16602316602316602
0.16570327552986513
0.16538461538461538
0.16506717850287908
0.16475095785440613
0.16443594646271512
0.16603053435114504
0.1657142857142857
0.16539923954372623
0.1650853889943074
0.16477272727272727
0.16446124763705103
0.1641509433962264
0.1638418079096045
0.16541353383458646
0.1651031894934334
0.1647940074906367
0.16448598130841122
0.16417910447761194
0.16573556797020483
0.1654275092936803
0.16512059369202226
0.1648148148148148
0.16635859519408502
0.16789667896678967
0.16758747697974216
0.16727941176470587
0.1669724770642202
0.16666666666666666
0.1663619744058501
0.16605839416058393
0.1657559198542805
0.16545454545454547
0.16515426497277677
0.16485507246376813
0.16455696202531644
0.16425992779783394
0.16396396396396395
0.16546762589928057
0.1651705565529623
0.16487455197132617
0.16457960644007155
0.16428571428571428
0.16399286987522282
0.16370106761565836
0.16341030195381884
0.16312056737588654
0.16283185840707964
0.1625441696113074
0.16225749559082892
0.1619718309859155
0.1616871704745167
0.16140350877192983
0.16112084063047286
0.16258741258741258
0.16230366492146597
0.16202090592334495
0.1617391304347826
0.16145833333333334
0.1611785095320624
0.16089965397923875
0.16062176165803108
0.16034482758620688
0.16006884681583478
0.15979381443298968
0.1595197255574614
0.15924657534246575
0.15897435897435896
0.15870307167235495
0.15843270868824533
0.15816326530612246
0.15789473684210525
0.1576271186440678
0.15736040609137056
0.1570945945945946
0.15682967959527824
0.15656565656565657
0.15630252100840336
0.15604026845637584
0.15577889447236182
0.15551839464882944
0.15525876460767946
0.155
0.15474209650582363
0.15448504983388706
0.1558872305140962
0.15562913907284767
0.15537190082644628
0.1551155115511551
0.15485996705107083
0.15460526315789475
0.15435139573070608
0.1540983606557377
0.15384615384615385
0.15359477124183007
0.1533442088091354
0.15309446254071662
0.15284552845528454
0.15422077922077923
0.1539708265802269
0.15372168284789645
0.15347334410339256
0.1532258064516129
0.15458937198067632
0.15434083601286175
0.15409309791332262
0.15384615384615385
0.1536
0.15335463258785942
0.15311004784688995
0.15286624203821655
0.15421303656597773
0.15396825396825398
0.15530903328050713
0.1550632911392405
0.15481832543443919
0.15457413249211358
0.15590551181102363
0.15566037735849056
0.1554160125588697
0.15517241379310345
0.15492957746478872
0.1546875
0.1544461778471139
0.1542056074766355
0.15396578538102643
0.15372670807453417
0.15348837209302327
0.15479876160990713
0.1545595054095827
0.1558641975308642
0.15562403697996918
0.15538461538461537
0.15668202764976957
0.15644171779141106
0.1562021439509954
0.1559633027522936
0.15572519083969466
0.15548780487804878
0.1552511415525114
0.15653495440729484
0.15629742033383914
0.15606060606060607
0.15582450832072617
0.1555891238670695
0.15535444947209653
0.15512048192771086
0.1548872180451128
0.15465465465465467
0.15442278860569716
0.15419161676646706
0.15396113602391628
0.1537313432835821
0.15350223546944858
0.15327380952380953
0.15304606240713226
0.15281899109792285
0.15259259259259259
0.15236686390532544
0.15214180206794684
0.15191740412979352
0.15169366715758467
0.1514705882352941
0.1512481644640235
0.15102639296187684
0.15080527086383602
0.15204678362573099
0.15182481751824817
0.15160349854227406
0.15138282387190685
0.15261627906976744
0.15239477503628446
0.15217391304347827
0.15195369030390737
0.15173410404624277
0.15151515151515152
0.15129682997118155
0.1510791366906475
0.15086206896551724
0.15064562410329985
0.1504297994269341
0.15021459227467812
0.15
0.14978601997146934
0.14957264957264957
0.14935988620199148
0.14914772727272727
0.14893617021276595
0.14872521246458922
0.1485148514851485
0.1483050847457627
0.14809590973201692
0.14788732394366197
0.14767932489451477
0.14887640449438203
0.14866760168302945
0.1484593837535014
0.14825174825174825
0.14804469273743018
0.14783821478382148
0.14763231197771587
0.1474269819193324
0.14722222222222223
0.14701803051317613
0.14681440443213298
0.1479944674965422
0.1477900552486188
0.14758620689655172
0.14738292011019283
0.14718019257221457
0.14697802197802198
0.1467764060356653
0.14657534246575343
0.146374829001368
0.14617486338797814
0.14597544338335608
0.14577656675749318
0.145578231292517
0.1453804347826087
0.1451831750339213
0.14498644986449866
0.14479025710419485
0.1445945945945946
0.14439946018893388
0.14420485175202155
0.1440107671601615
0.14381720430107528
0.1436241610738255
0.14343163538873996
0.14323962516733602
0.14304812834224598
0.14285714285714285
0.14266666666666666
0.14247669773635152
0.1422872340425532
0.14209827357237717
0.1419098143236074
0.14172185430463577
0.14153439153439154
0.14134742404227213
0.14116094986807387
0.14097496706192358
0.14078947368421052
0.14060446780551905
0.14041994750656167
0.1402359108781127
0.1400523560209424
0.13986928104575164
0.13968668407310705
0.1395045632333768
0.13932291666666666
0.13914174252275682
0.13896103896103895
0.13878080415045396
0.13860103626943004
0.1384217335058215
0.13824289405684753
0.13806451612903226
0.13788659793814434
0.1377091377091377
0.13753213367609254
0.13735558408215662
0.1371794871794872
0.13700384122919335
0.13682864450127877
0.13665389527458494
0.1364795918367347
0.13630573248407643
0.1361323155216285
0.13595933926302414
0.13705583756345177
0.13688212927756654
0.1379746835443038
0.13780025284450062
0.13762626262626262
0.13745271122320302
0.13727959697732997
0.1371069182389937
0.13693467336683418
0.13676286072772897
0.13659147869674185
0.13642052565707133
0.13625
0.13607990012484394
0.13591022443890274
0.1357409713574097
0.13557213930348258
0.13540372670807455
0.13523573200992556
0.13506815365551425
0.1349009900990099
0.13473423980222496
0.1345679012345679
0.1344019728729963
0.13423645320197045
0.13407134071340712
0.1339066339066339
0.13374233128834356
0.13357843137254902
0.13341493268053856
0.1332518337408313
0.1330891330891331
0.1329268292682927
0.13276492082825822
0.13260340632603407
0.1324422843256379
0.13228155339805825
0.1321212121212121
0.13196125907990314
0.13180169286577992
0.1316425120772947
0.13148371531966224
0.13132530120481928
0.13237063778580024
0.13221153846153846
0.13205282112845138
0.13189448441247004
0.1317365269461078
0.13157894736842105
0.13142174432497014
0.13126491646778043
0.13110846245530394
0.13095238095238096
0.13079667063020214
0.13064133016627077
0.13167259786476868
0.13270142180094788
0.13372781065088757
0.13356973995271867
0.1334120425029516
0.1332547169811321
0.1330977620730271
0.13294117647058823
0.13278495887191538
0.13262910798122066
0.1324736225087925
0.1323185011709602
0.13333333333333333
0.13317757009345793
0.13302217036172695
0.13286713286713286
0.13271245634458673
0.1325581395348837
0.13240418118466898
0.13225058004640372
0.1320973348783314
0.13194444444444445
0.13179190751445086
0.13163972286374134
0.1314878892733564
0.1313364055299539
0.13118527042577677
0.13218390804597702
0.13203214695752008
0.13188073394495411
0.13172966781214204
0.13157894736842105
0.13142857142857142
0.1312785388127854
0.13112884834663627
0.13097949886104784
0.13083048919226395
0.13068181818181818
0.13053348467650397
0.13038548752834467
0.13023782559456398
0.13009049773755657
0.12994350282485875
0.12979683972911965
0.12965050732807215
0.12950450450450451
0.12935883014623173
0.12921348314606743
0.13019079685746351
0.13004484304932734
0.12989921612541994
0.1297539149888143
0.12960893854748604
0.12946428571428573
0.12931995540691194
0.1291759465478842
0.12903225806451613
0.1288888888888889
0.12985571587125416
0.12971175166297116
0.12956810631229235
0.12942477876106195
0.1292817679558011
0.1291390728476821
0.12899669239250275
0.1288546255506608
0.12871287128712872
0.12857142857142856
0.12843029637760703
0.12828947368421054
0.12814895947426067
0.12800875273522977
0.12786885245901639
0.1277292576419214
0.12758996728462377
0.12745098039215685
0.12731229597388466
0.12717391304347825
0.1270358306188925
0.12689804772234273
0.12784398699891658
0.1277056277056277
0.12756756756756757
0.12742980561555076
0.12837108953613807
0.12823275862068967
0.12809472551130247
0.12795698924731183
0.12781954887218044
0.1276824034334764
0.12754555198285103
0.12740899357601712
0.12727272727272726
0.12713675213675213
0.12700106723585913
0.12686567164179105
0.12673056443024494
0.12659574468085105
0.12646121147715197
0.12632696390658174
0.1261930010604454
0.1260593220338983
0.1259259259259259
0.12579281183932348
0.12565997888067582
0.12552742616033755
0.12539515279241306
0.12526315789473685
0.12513144058885384
0.125
0.1248688352570829
0.12473794549266247
0.12460732984293194
0.12447698744769875
0.12434691745036573
0.12421711899791232
0.12408759124087591
0.12395833333333334
0.12382934443288242
0.12370062370062371
0.12357217030114226
0.12344398340248963
0.12331606217616581
0.12318840579710146
0.12306101344364012
0.12293388429752067
0.12280701754385964
0.12268041237113401
0.12255406797116375
0.12242798353909465
0.1223021582733813
0.12217659137577003
0.12205128205128205
0.12192622950819672
0.1218014329580348
0.12167689161554192
0.12155260469867211
0.12142857142857143
0.12130479102956167
0.12118126272912423
0.12105798575788403
0.1209349593495935
0.12081218274111676
0.1206896551724138
0.12056737588652482
0.12044534412955465
0.12032355915065723
0.1202020202020202
0.12008072653884964
0.11995967741935484
0.11983887210473314
0.11971830985915492
0.12060301507537688
0.12048192771084337
0.12036108324974924
0.12024048096192384
0.12012012012012012
0.12
0.11988011988011989
