0.0
0.3333333333333333
0.25
0.4
0.3333333333333333
0.42857142857142855
0.375
0.3333333333333333
0.3
0.36363636363636365
0.4166666666666667
0.46153846153846156
0.42857142857142855
0.4666666666666667
0.5
0.5294117647058824
0.5555555555555556
0.5789473684210527
0.6
0.5714285714285714
0.5454545454545454
0.5652173913043478
0.5416666666666666
0.52
0.5
0.5185185185185185
0.5
0.4827586206896552
0.4666666666666667
0.45161290322580644
0.4375
0.42424242424242425
0.4117647058823529
0.4
0.4166666666666667
0.40540540540540543
0.39473684210526316
0.41025641025641024
0.4
0.3902439024390244
0.38095238095238093
0.37209302325581395
0.36363636363636365
0.35555555555555557
0.34782608695652173
0.3404255319148936
0.3541666666666667
0.3469387755102041
0.36
0.35294117647058826
0.34615384615384615
0.33962264150943394
0.3333333333333333
0.32727272727272727
0.32142857142857145
0.3157894736842105
0.3275862068965517
0.3220338983050847
0.31666666666666665
0.32786885245901637
0.3225806451612903
0.31746031746031744
0.3125
0.3076923076923077
0.30303030303030304
0.29850746268656714
0.29411764705882354
0.2898550724637681
0.2857142857142857
0.29577464788732394
0.2916666666666667
0.2876712328767123
0.28378378378378377
0.28
0.27631578947368424
0.2727272727272727
0.28205128205128205
0.27848101265822783
0.275
0.2716049382716049
0.2682926829268293
0.26506024096385544
0.2619047619047619
0.25882352941176473
0.2558139534883721
0.25287356321839083
0.25
0.25842696629213485
0.25555555555555554
0.25274725274725274
0.25
0.24731182795698925
0.24468085106382978
0.24210526315789474
0.23958333333333334
0.23711340206185566
0.24489795918367346
0.24242424242424243
0.24
0.2376237623762376
0.23529411764705882
0.23300970873786409
0.2403846153846154
0.23809523809523808
0.2358490566037736
0.2336448598130841
0.23148148148148148
0.23853211009174313
0.23636363636363636
0.23423423423423423
0.23214285714285715
0.23008849557522124
0.22807017543859648
0.22608695652173913
0.22413793103448276
0.2222222222222222
0.2288135593220339
0.23529411764705882
0.23333333333333334
0.2396694214876033
0.2459016393442623
0.25203252032520324
0.25
0.248
0.24603174603174602
0.25196850393700787
0.25
0.24806201550387597
0.24615384615384617
0.24427480916030533
0.25
0.2556390977443609
0.2537313432835821
0.2518518518518518
0.25
0.25547445255474455
0.2536231884057971
0.2517985611510791
0.25
0.24822695035460993
0.24647887323943662
0.2517482517482518
0.25
0.2482758620689655
0.2465753424657534
0.24489795918367346
0.24324324324324326
0.24161073825503357
0.24
0.23841059602649006
0.23684210526315788
0.23529411764705882
0.24025974025974026
0.24516129032258063
0.25
0.2484076433121019
0.2468354430379747
0.25157232704402516
0.25
0.2484472049689441
0.24691358024691357
0.25153374233128833
0.25
0.24848484848484848
0.2469879518072289
0.24550898203592814
0.25
0.2485207100591716
0.24705882352941178
0.24561403508771928
0.2441860465116279
0.24277456647398843
0.2413793103448276
0.24
0.23863636363636365
0.23728813559322035
0.23595505617977527
0.2346368715083799
0.23333333333333334
0.23204419889502761
0.23076923076923078
0.22950819672131148
0.22826086956521738
0.22702702702702704
0.22580645161290322
0.22459893048128343
0.22340425531914893
0.2222222222222222
0.22105263157894736
0.2198952879581152
0.22395833333333334
0.22279792746113988
0.22164948453608246
0.2205128205128205
0.2193877551020408
0.2182741116751269
0.21717171717171718
0.21608040201005024
0.215
0.21393034825870647
0.21287128712871287
0.21182266009852216
0.2107843137254902
0.2146341463414634
0.21359223300970873
0.21256038647342995
0.21153846153846154
0.21052631578947367
0.20952380952380953
0.20853080568720378
0.20754716981132076
0.20657276995305165
0.205607476635514
0.20465116279069767
0.20833333333333334
0.2073732718894009
0.20642201834862386
0.2054794520547945
0.20454545454545456
0.20361990950226244
0.2072072072072072
0.2062780269058296
0.20535714285714285
0.20444444444444446
0.20353982300884957
0.2026431718061674
0.20175438596491227
0.20087336244541484
0.20434782608695654
0.20346320346320346
0.2025862068965517
0.2017167381974249
0.20085470085470086
0.2
0.19915254237288135
0.19831223628691982
0.19747899159663865
0.19665271966527198
0.19583333333333333
0.1950207468879668
0.19834710743801653
0.19753086419753085
0.19672131147540983
0.19591836734693877
0.1951219512195122
0.19433198380566802
0.1935483870967742
0.1927710843373494
0.192
0.19123505976095617
0.19047619047619047
0.18972332015810275
0.1889763779527559
0.18823529411764706
0.1875
0.1867704280155642
0.18604651162790697
0.18532818532818532
0.18461538461538463
0.1839080459770115
0.183206106870229
0.18250950570342206
0.18181818181818182
0.1811320754716981
0.18421052631578946
0.18352059925093633
0.1828358208955224
0.1821561338289963
0.1814814814814815
0.18081180811808117
0.1801470588235294
0.1794871794871795
0.17883211678832117
0.1781818181818182
0.17753623188405798
0.17689530685920576
0.17625899280575538
0.17562724014336917
0.175
0.17437722419928825
0.17375886524822695
0.17314487632508835
0.17253521126760563
0.17192982456140352
0.17132867132867133
0.17421602787456447
0.1736111111111111
0.17301038062283736
0.1724137931034483
0.17525773195876287
0.17465753424657535
0.17406143344709898
0.17346938775510204
0.17288135593220338
0.17229729729729729
0.1750841750841751
0.174496644295302
0.17391304347826086
0.17333333333333334
0.17275747508305647
0.17218543046357615
0.1716171617161716
0.17105263157894737
0.17049180327868851
0.16993464052287582
0.16938110749185667
0.17207792207792208
0.1715210355987055
0.17096774193548386
0.17363344051446947
0.17307692307692307
0.17252396166134185
0.17197452229299362
0.1746031746031746
0.17405063291139242
0.17665615141955837
0.1761006289308176
0.1755485893416928
0.175
0.17445482866043613
0.17391304347826086
0.17337461300309598
0.17592592592592593
0.1753846153846154
0.17484662576687116
0.1743119266055046
0.17378048780487804
0.17325227963525835
0.17272727272727273
0.17220543806646527
0.1716867469879518
0.17117117117117117
0.17365269461077845
0.17313432835820897
0.17261904761904762
0.17210682492581603
0.17159763313609466
0.1710914454277286
0.17058823529411765
0.17008797653958943
0.1695906432748538
0.16909620991253643
0.1686046511627907
0.1681159420289855
0.1676300578034682
0.16714697406340057
0.16666666666666666
0.166189111747851
0.1657142857142857
0.16524216524216523
0.16477272727272727
0.1643059490084986
0.1638418079096045
0.16338028169014085
0.16292134831460675
0.16246498599439776
0.16201117318435754
0.1615598885793872
0.16111111111111112
0.16066481994459833
0.16022099447513813
0.15977961432506887
0.15934065934065933
0.1589041095890411
0.15846994535519127
0.15803814713896458
0.15760869565217392
0.15718157181571815
0.15675675675675677
0.15633423180592992
0.15591397849462366
0.1554959785522788
0.15508021390374332
0.15733333333333333
0.15691489361702127
0.15649867374005305
0.15608465608465608
0.158311345646438
0.16052631578947368
0.16010498687664043
0.15968586387434555
0.15926892950391644
0.15885416666666666
0.15844155844155844
0.16062176165803108
0.16020671834625322
0.15979381443298968
0.15938303341902313
0.15897435897435896
0.1585677749360614
0.15816326530612246
0.16030534351145037
0.1598984771573604
0.15949367088607594
0.1590909090909091
0.15869017632241814
0.16080402010050251
0.16040100250626566
0.16
0.1596009975062344
0.15920398009950248
0.1588089330024814
0.15841584158415842
0.1580246913580247
0.15763546798029557
0.15724815724815724
0.1568627450980392
0.15647921760391198
0.15609756097560976
0.15571776155717762
0.15776699029126215
0.15738498789346247
0.15942028985507245
0.15903614457831325
0.15865384615384615
0.15827338129496402
0.15789473684210525
0.1575178997613365
0.15714285714285714
0.15676959619952494
0.15639810426540285
0.15602836879432624
0.15566037735849056
0.15764705882352942
0.1572769953051643
0.1592505854800937
0.1588785046728972
0.1585081585081585
0.16046511627906976
0.16009280742459397
0.1597222222222222
0.15935334872979215
0.15898617511520738
0.15862068965517243
0.15825688073394495
0.15789473684210525
0.15753424657534246
0.1571753986332574
0.15681818181818183
0.1564625850340136
0.15610859728506787
0.15575620767494355
0.1554054054054054
0.1550561797752809
0.1547085201793722
0.15436241610738255
0.15625
0.155902004454343
0.15555555555555556
0.15521064301552107
0.15486725663716813
0.15673289183222958
0.15638766519823788
0.15604395604395604
0.15570175438596492
0.15536105032822758
0.15502183406113537
0.15468409586056645
0.15434782608695652
0.1561822125813449
0.15584415584415584
0.15766738660907129
0.15732758620689655
0.15698924731182795
0.15665236051502146
0.15631691648822268
0.15598290598290598
0.15565031982942432
0.15531914893617021
0.15498938428874734
0.15466101694915255
0.1543340380549683
0.1540084388185654
0.15368421052631578
0.15336134453781514
0.1530398322851153
0.15271966527196654
0.1524008350730689
0.15208333333333332
0.15384615384615385
0.15352697095435686
0.15320910973084886
0.15495867768595042
0.15463917525773196
0.15432098765432098
0.1540041067761807
0.15368852459016394
0.15337423312883436
0.15306122448979592
0.15274949083503056
0.15447154471544716
0.15415821501014199
0.15384615384615385
0.15353535353535352
0.1532258064516129
0.1529175050301811
0.15461847389558234
0.15430861723446893
0.156
0.15768463073852296
0.15737051792828685
0.15705765407554673
0.15873015873015872
0.15841584158415842
0.15810276679841898
0.15779092702169625
0.15748031496062992
0.15717092337917485
0.1568627450980392
0.15655577299412915
0.15625
0.15594541910331383
0.1556420233463035
0.1553398058252427
0.15503875968992248
0.15473887814313347
0.15444015444015444
0.15606936416184972
0.15576923076923077
0.15547024952015356
0.15517241379310345
0.15487571701720843
0.15458015267175573
0.15428571428571428
0.15399239543726237
0.15370018975332067
0.1534090909090909
0.15311909262759923
0.15283018867924528
0.15254237288135594
0.15225563909774437
0.15196998123827393
0.15168539325842698
0.15140186915887852
0.15298507462686567
0.1527001862197393
0.1524163568773234
0.15213358070500926
0.15185185185185185
0.15157116451016636
0.15129151291512916
0.15101289134438306
0.15073529411764705
0.15045871559633028
0.15018315018315018
0.14990859232175502
0.15145985401459855
0.151183970856102
0.1509090909090909
0.15063520871143377
0.1503623188405797
0.15009041591320071
0.14981949458483754
0.14954954954954955
0.14928057553956833
0.1490125673249551
0.14874551971326164
0.148479427549195
0.14821428571428572
0.14795008912655971
0.14768683274021352
0.14742451154529307
0.14716312056737588
0.1486725663716814
0.14840989399293286
0.14814814814814814
0.14788732394366197
0.14762741652021089
0.14736842105263157
0.14711033274956217
0.14685314685314685
0.14659685863874344
0.14634146341463414
0.14608695652173914
0.14583333333333334
0.14558058925476602
0.1453287197231834
0.14507772020725387
0.14482758620689656
0.14457831325301204
0.14432989690721648
0.1457975986277873
0.14554794520547945
0.1452991452991453
0.14505119453924914
0.14480408858603067
0.1445578231292517
0.14431239388794567
0.1440677966101695
0.14382402707275804
0.14358108108108109
0.1433389544688027
0.1447811447811448
0.14453781512605043
0.14429530201342283
0.1440536013400335
0.14381270903010032
0.14357262103505844
0.145
0.1447587354409318
0.14451827242524917
0.14427860696517414
0.14403973509933773
0.14380165289256197
0.14356435643564355
0.14332784184514002
0.14309210526315788
0.14285714285714285
0.14262295081967213
0.14238952536824878
0.14215686274509803
0.14192495921696574
0.14169381107491857
0.14146341463414633
0.14123376623376624
0.14100486223662884
0.1407766990291262
0.14054927302100162
0.1403225806451613
0.14009661835748793
0.13987138263665594
0.13964686998394862
0.13942307692307693
0.1392
0.1389776357827476
0.13875598086124402
0.13853503184713375
0.1383147853736089
0.1380952380952381
0.13787638668779714
0.13765822784810128
0.13744075829383887
0.13722397476340695
0.13700787401574804
0.13679245283018868
0.13657770800627944
0.13636363636363635
0.13771517996870108
0.1375
0.1372854914196568
0.13707165109034267
0.13841368584758942
0.13819875776397517
0.13798449612403102
0.13777089783281735
0.1375579598145286
0.13734567901234568
0.13713405238828968
0.13692307692307693
0.13671274961597543
0.13650306748466257
0.1362940275650842
0.13608562691131498
0.13587786259541984
0.13567073170731708
0.1354642313546423
0.135258358662614
0.13657056145675264
0.13787878787878788
0.13767019667170954
0.13746223564954682
0.13725490196078433
0.13704819277108435
0.1368421052631579
0.13663663663663664
0.136431784107946
0.13622754491017963
0.13602391629297458
0.13582089552238805
0.13561847988077497
0.13541666666666666
0.1352154531946508
0.13501483679525222
0.1348148148148148
0.1346153846153846
0.1344165435745938
0.13421828908554573
0.13402061855670103
0.1338235294117647
0.13509544787077826
0.1348973607038123
0.13469985358711567
0.13450292397660818
0.1343065693430657
0.13411078717201166
0.1339155749636099
0.13372093023255813
0.13352685050798258
0.13333333333333333
0.13314037626628075
0.1329479768786127
0.1341991341991342
0.1340057636887608
0.13381294964028778
0.1336206896551724
0.133428981348637
0.1332378223495702
0.13304721030042918
0.13285714285714287
0.1326676176890157
0.13247863247863248
0.13229018492176386
0.13210227272727273
0.13191489361702127
0.13172804532577903
0.13154172560113153
0.13135593220338984
0.1311706629055007
0.13098591549295774
0.1308016877637131
0.1306179775280899
0.13043478260869565
0.13025210084033614
0.13006993006993006
0.12988826815642457
0.1297071129707113
0.12952646239554316
0.12934631432545202
0.12916666666666668
0.1289875173370319
0.12880886426592797
0.12863070539419086
0.12845303867403315
0.12827586206896552
0.128099173553719
0.1279229711141678
0.12774725274725274
0.12757201646090535
0.1273972602739726
0.12722298221614228
0.12704918032786885
0.12687585266030013
0.12670299727520437
0.12653061224489795
0.12635869565217392
0.12618724559023067
0.12601626016260162
0.12584573748308525
0.12567567567567567
0.12550607287449392
0.12533692722371967
0.12516823687752354
0.125
0.12483221476510067
0.12466487935656836
0.12449799196787148
0.12433155080213903
0.12416555407209613
0.124
0.12516644474034622
0.125
0.1248339973439575
0.1259946949602122
0.12582781456953643
0.12566137566137567
0.12549537648612946
0.12532981530343007
0.1251646903820817
0.125
0.12483574244415244
0.12467191601049869
0.1258191349934469
0.1256544502617801
0.12679738562091503
0.12663185378590078
0.12646675358539766
0.12630208333333334
0.12613784135240572
0.12597402597402596
0.125810635538262
0.12564766839378239
0.12677878395860284
0.12661498708010335
0.12774193548387097
0.12757731958762886
0.1274131274131274
0.12724935732647816
0.12708600770218229
0.12692307692307692
0.12804097311139565
0.1278772378516624
0.1277139208173691
0.12755102040816327
0.12738853503184713
0.1272264631043257
0.12706480304955528
0.12690355329949238
0.1267427122940431
0.12658227848101267
0.1264222503160556
0.12626262626262627
0.12610340479192939
0.12720403022670027
0.1270440251572327
0.12688442211055276
0.12672521957340024
0.12656641604010024
0.12640801001251564
0.12625
0.12609238451935081
0.1259351620947631
0.12577833125778332
0.1256218905472637
0.12546583850931678
0.12655086848635236
0.12639405204460966
0.12623762376237624
0.1260815822002472
0.1259259259259259
0.12577065351418001
0.12561576354679804
0.12546125461254612
0.12530712530712532
0.12515337423312883
0.125
0.12484700122399021
0.12469437652811736
0.12454212454212454
0.12439024390243902
0.12423873325213154
0.12408759124087591
0.12393681652490887
0.125
0.12484848484848485
0.12469733656174334
0.12454655380894801
0.12439613526570048
0.12424607961399277
0.12530120481927712
0.12515042117930206
0.125
0.12484993997599039
0.12470023980815348
0.12455089820359282
0.12440191387559808
0.12425328554360812
0.12410501193317422
0.12395709177592372
0.12380952380952381
0.12366230677764566
0.12351543942992874
0.12455516014234876
0.12440758293838862
0.12544378698224853
0.12529550827423167
0.12514757969303425
0.125
0.1248527679623086
0.12470588235294118
0.1245593419506463
0.12441314553990611
0.1242672919109027
0.12412177985948478
0.1239766081871345
0.12383177570093458
0.12368728121353559
0.12354312354312354
0.12339930151338765
0.12325581395348838
0.12311265969802555
0.12296983758700696
0.12282734646581692
0.12268518518518519
0.12254335260115606
0.12240184757505773
0.12226066897347174
0.12211981566820276
0.12197928653624857
0.12183908045977011
0.12169919632606199
0.12155963302752294
0.12142038946162657
0.12128146453089245
0.12114285714285715
0.12100456621004566
0.12086659064994298
0.12186788154897495
0.1217292377701934
0.1215909090909091
0.12145289443813848
0.12131519274376418
0.12117780294450736
0.12217194570135746
0.12203389830508475
0.12189616252821671
0.12175873731679819
0.12162162162162163
0.12148481439820022
0.12134831460674157
0.12121212121212122
0.1210762331838565
0.12094064949608063
0.12080536912751678
0.12067039106145251
0.12053571428571429
0.12040133779264214
0.12026726057906459
0.12013348164627363
0.12
0.11986681465038845
0.1197339246119734
0.11960132890365449
0.11946902654867257
0.12044198895027625
0.12030905077262694
0.12017640573318633
0.1211453744493392
0.12101210121012101
0.12087912087912088
0.1207464324917673
0.1206140350877193
0.12048192771084337
0.12144420131291028
0.12131147540983607
0.1222707423580786
0.12213740458015267
0.12200435729847495
0.12187159956474429
0.12173913043478261
0.12160694896851248
0.12147505422993492
0.12134344528710726
0.12121212121212122
0.12108108108108108
0.12095032397408208
0.12081984897518878
0.1206896551724138
0.12055974165769645
0.12043010752688173
0.12030075187969924
0.12017167381974249
0.12004287245444802
0.11991434689507495
0.11978609625668449
0.11965811965811966
0.11953041622198506
0.11940298507462686
0.11927582534611289
0.11914893617021277
0.11902231668437832
0.11889596602972399
0.11876988335100742
0.11864406779661017
0.11851851851851852
0.11839323467230443
0.11826821541710665
0.11814345991561181
0.11801896733403583
0.11789473684210526
0.11777076761303891
0.11869747899159663
0.11962224554039874
0.11949685534591195
0.1193717277486911
0.1192468619246862
0.11912225705329153
0.12004175365344467
0.11991657977059438
0.11979166666666667
0.11966701352757544
0.11954261954261955
0.11941848390446522
0.11929460580912864
0.11917098445595854
0.11904761904761904
0.1189245087900724
0.11880165289256199
0.11867905056759546
0.11855670103092783
0.1184346035015448
0.1183127572016461
0.11819116135662898
0.11806981519507187
0.11794871794871795
0.11782786885245902
0.11770726714431934
0.11860940695296524
0.118488253319714
0.11836734693877551
0.11824668705402651
0.11812627291242363
0.11800610376398779
0.11788617886178862
0.11878172588832488
0.11866125760649088
0.11854103343465046
0.11842105263157894
0.11931243680485339
0.1191919191919192
0.11907164480322906
0.11895161290322581
0.11883182275931521
0.11871227364185111
0.1185929648241206
0.11847389558232932
0.11835506519558676
0.11823647294589178
0.11811811811811812
0.119
0.11888111888111888
