0.0
0.0
0.25
0.4
0.5
0.5714285714285714
0.5
0.4444444444444444
0.4
0.45454545454545453
0.4166666666666667
0.38461538461538464
0.35714285714285715
0.3333333333333333
0.375
0.35294117647058826
0.3333333333333333
0.3684210526315789
0.35
0.3333333333333333
0.3181818181818182
0.30434782608695654
0.3333333333333333
0.32
0.34615384615384615
0.3333333333333333
0.35714285714285715
0.3448275862068966
0.36666666666666664
0.3870967741935484
0.40625
0.42424242424242425
0.4117647058823529
0.4
0.4166666666666667
0.40540540540540543
0.39473684210526316
0.38461538461538464
0.375
0.36585365853658536
0.35714285714285715
0.3488372093023256
0.3409090909090909
0.3333333333333333
0.32608695652173914
0.3191489361702128
0.3125
0.32653061224489793
0.32
0.3137254901960784
0.3269230769230769
0.32075471698113206
0.3148148148148148
0.3090909090909091
0.30357142857142855
0.2982456140350877
0.29310344827586204
0.288135593220339
0.2833333333333333
0.2786885245901639
0.27419354838709675
0.2857142857142857
0.296875
0.2923076923076923
0.30303030303030304
0.29850746268656714
0.3088235294117647
0.3188405797101449
0.3142857142857143
0.323943661971831
0.3194444444444444
0.3150684931506849
0.3108108108108108
0.30666666666666664
0.3026315789473684
0.3116883116883117
0.3076923076923077
0.3037974683544304
0.3
0.30864197530864196
0.3048780487804878
0.3132530120481928
0.30952380952380953
0.3058823529411765
0.3023255813953488
0.2988505747126437
0.29545454545454547
0.30337078651685395
0.3
0.2967032967032967
0.29347826086956524
0.3010752688172043
0.2978723404255319
0.29473684210526313
0.2916666666666667
0.28865979381443296
0.2857142857142857
0.2828282828282828
0.28
0.27722772277227725
0.27450980392156865
0.27184466019417475
0.2692307692307692
0.26666666666666666
0.2641509433962264
0.27102803738317754
0.26851851851851855
0.26605504587155965
0.2636363636363636
0.26126126126126126
0.25892857142857145
0.25663716814159293
0.2543859649122807
0.2608695652173913
0.2672413793103448
0.26495726495726496
0.2627118644067797
0.2605042016806723
0.25833333333333336
0.256198347107438
0.2540983606557377
0.25203252032520324
0.25
0.248
0.24603174603174602
0.2440944881889764
0.2421875
0.24031007751937986
0.24615384615384617
0.24427480916030533
0.24242424242424243
0.24060150375939848
0.23880597014925373
0.23703703703703705
0.23529411764705882
0.23357664233576642
0.2391304347826087
0.23741007194244604
0.2357142857142857
0.23404255319148937
0.2323943661971831
0.23076923076923078
0.22916666666666666
0.22758620689655173
0.22602739726027396
0.22448979591836735
0.22297297297297297
0.22818791946308725
0.22666666666666666
0.2251655629139073
0.2236842105263158
0.2222222222222222
0.22077922077922077
0.22580645161290322
0.22435897435897437
0.2229299363057325
0.22151898734177214
0.22012578616352202
0.225
0.2236024844720497
0.2222222222222222
0.22085889570552147
0.21951219512195122
0.22424242424242424
0.22289156626506024
0.2215568862275449
0.22023809523809523
0.21893491124260356
0.2235294117647059
0.22807017543859648
0.22674418604651161
0.2254335260115607
0.22413793103448276
0.22285714285714286
0.2215909090909091
0.22033898305084745
0.21910112359550563
0.21787709497206703
0.2222222222222222
0.22099447513812154
0.21978021978021978
0.2185792349726776
0.21739130434782608
0.21621621621621623
0.21505376344086022
0.2192513368983957
0.21808510638297873
0.21693121693121692
0.21578947368421053
0.21465968586387435
0.21354166666666666
0.21243523316062177
0.211340206185567
0.21025641025641026
0.20918367346938777
0.20812182741116753
0.21212121212121213
0.21105527638190955
0.21
0.208955223880597
0.2079207920792079
0.21182266009852216
0.2107843137254902
0.2097560975609756
0.2087378640776699
0.20772946859903382
0.20673076923076922
0.20574162679425836
0.20476190476190476
0.20853080568720378
0.20754716981132076
0.20657276995305165
0.205607476635514
0.20465116279069767
0.20833333333333334
0.2073732718894009
0.20642201834862386
0.2054794520547945
0.20454545454545456
0.20361990950226244
0.20270270270270271
0.2062780269058296
0.20535714285714285
0.20444444444444446
0.20353982300884957
0.20704845814977973
0.20614035087719298
0.2052401746724891
0.20434782608695654
0.20346320346320346
0.2025862068965517
0.2017167381974249
0.20085470085470086
0.20425531914893616
0.2033898305084746
0.20675105485232068
0.20588235294117646
0.20502092050209206
0.20416666666666666
0.2074688796680498
0.2066115702479339
0.205761316872428
0.20491803278688525
0.20408163265306123
0.2032520325203252
0.20647773279352227
0.2056451612903226
0.20481927710843373
0.204
0.20318725099601595
0.20238095238095238
0.2015810276679842
0.20078740157480315
0.20392156862745098
0.203125
0.20233463035019456
0.20155038759689922
0.20077220077220076
0.20384615384615384
0.20306513409961685
0.20229007633587787
0.20152091254752852
0.20454545454545456
0.2037735849056604
0.20300751879699247
0.20224719101123595
0.20149253731343283
0.20074349442379183
0.2
0.1992619926199262
0.19852941176470587
0.1978021978021978
0.19708029197080293
0.19636363636363635
0.1956521739130435
0.19494584837545126
0.19784172661870503
0.1971326164874552
0.19642857142857142
0.19572953736654805
0.1950354609929078
0.19434628975265017
0.1936619718309859
0.19298245614035087
0.19230769230769232
0.1916376306620209
0.1909722222222222
0.1903114186851211
0.1896551724137931
0.18900343642611683
0.1917808219178082
0.19112627986348124
0.19047619047619047
0.19322033898305085
0.19256756756756757
0.1919191919191919
0.1912751677852349
0.19063545150501673
0.19
0.1893687707641196
0.18874172185430463
0.18811881188118812
0.1875
0.18688524590163935
0.18627450980392157
0.18566775244299674
0.18506493506493507
0.18446601941747573
0.18387096774193548
0.1832797427652733
0.18269230769230768
0.18210862619808307
0.18152866242038215
0.18095238095238095
0.18037974683544303
0.17981072555205047
0.1792452830188679
0.1786833855799373
0.178125
0.1806853582554517
0.18012422360248448
0.17956656346749225
0.17901234567901234
0.17846153846153845
0.17791411042944785
0.17737003058103976
0.1798780487804878
0.17933130699088146
0.1787878787878788
0.1782477341389728
0.17771084337349397
0.17717717717717718
0.17664670658682635
0.1761194029850746
0.17559523809523808
0.17507418397626112
0.17455621301775148
0.17404129793510326
0.17352941176470588
0.17302052785923755
0.17251461988304093
0.17201166180758018
0.17151162790697674
0.17101449275362318
0.17052023121387283
0.17002881844380405
0.16954022988505746
0.16905444126074498
0.16857142857142857
0.16809116809116809
0.16761363636363635
0.1671388101983003
0.16666666666666666
0.16619718309859155
0.16573033707865167
0.16526610644257703
0.164804469273743
0.1671309192200557
0.16944444444444445
0.16897506925207756
0.1685082872928177
0.16804407713498623
0.16758241758241757
0.16712328767123288
0.16666666666666666
0.16621253405994552
0.16576086956521738
0.16531165311653118
0.16486486486486487
0.16442048517520216
0.1639784946236559
0.16353887399463807
0.16310160427807488
0.16266666666666665
0.1622340425531915
0.16180371352785147
0.16137566137566137
0.16358839050131926
0.1631578947368421
0.16272965879265092
0.16230366492146597
0.1618798955613577
0.16145833333333334
0.16103896103896104
0.16062176165803108
0.16020671834625322
0.16237113402061856
0.16452442159383032
0.1641025641025641
0.16624040920716113
0.16581632653061223
0.16539440203562342
0.1649746192893401
0.16455696202531644
0.16414141414141414
0.163727959697733
0.16331658291457288
0.16541353383458646
0.165
0.16458852867830423
0.16666666666666666
0.1662531017369727
0.16584158415841585
0.1654320987654321
0.16502463054187191
0.16461916461916462
0.1642156862745098
0.16381418092909536
0.16341463414634147
0.1630170316301703
0.16262135922330098
0.162227602905569
0.16183574879227053
0.1614457831325301
0.16105769230769232
0.1606714628297362
0.16028708133971292
0.15990453460620524
0.1595238095238095
0.16152019002375298
0.16113744075829384
0.1607565011820331
0.16037735849056603
0.16
0.1596244131455399
0.1592505854800937
0.1588785046728972
0.16083916083916083
0.16046511627906976
0.16009280742459397
0.1597222222222222
0.15935334872979215
0.15898617511520738
0.15862068965517243
0.15825688073394495
0.16018306636155608
0.1598173515981735
0.15945330296127563
0.16136363636363638
0.16099773242630386
0.16063348416289594
0.16027088036117382
0.15990990990990991
0.15955056179775282
0.1591928251121076
0.15883668903803133
0.15848214285714285
0.15812917594654788
0.15777777777777777
0.15964523281596452
0.1592920353982301
0.15894039735099338
0.15859030837004406
0.15824175824175823
0.15789473684210525
0.1575492341356674
0.1572052401746725
0.1568627450980392
0.1565217391304348
0.1561822125813449
0.15584415584415584
0.15550755939524838
0.15517241379310345
0.15483870967741936
0.15450643776824036
0.15417558886509636
0.15384615384615385
0.1535181236673774
0.15319148936170213
0.15286624203821655
0.15254237288135594
0.1522198731501057
0.1518987341772152
0.15157894736842106
0.15126050420168066
0.1530398322851153
0.15271966527196654
0.1524008350730689
0.15208333333333332
0.15176715176715178
0.15145228215767634
0.15320910973084886
0.15289256198347106
0.15257731958762888
0.1522633744855967
0.15195071868583163
0.15163934426229508
0.15132924335378323
0.1510204081632653
0.15071283095723015
0.15040650406504066
0.15010141987829614
0.14979757085020243
0.1494949494949495
0.14919354838709678
0.1488933601609658
0.14859437751004015
0.14829659318637275
0.15
0.1497005988023952
0.14940239043824702
0.14910536779324055
0.1488095238095238
0.1485148514851485
0.1482213438735178
0.14792899408284024
0.14763779527559054
0.14734774066797643
0.14705882352941177
0.14677103718199608
0.146484375
0.14619883040935672
0.14591439688715954
0.14757281553398058
0.14728682170542637
0.1470019342359768
0.14671814671814673
0.1464354527938343
0.14615384615384616
0.14587332053742802
0.14559386973180077
0.14531548757170173
0.1450381679389313
0.14476190476190476
0.1444866920152091
0.1442125237191651
0.14393939393939395
0.14366729678638943
0.14528301886792452
0.14500941619585686
0.14473684210526316
0.14446529080675422
0.1441947565543071
0.14392523364485982
0.1455223880597015
0.1452513966480447
0.1449814126394052
0.14471243042671614
0.14629629629629629
0.14602587800369685
0.14575645756457564
0.14548802946593
0.14522058823529413
0.14495412844036698
0.1446886446886447
0.14442413162705667
0.14416058394160583
0.14389799635701275
0.14363636363636365
0.14519056261343014
0.14492753623188406
0.14466546112115733
0.1444043321299639
0.14414414414414414
0.14388489208633093
0.1436265709156194
0.14336917562724014
0.14311270125223613
0.14285714285714285
0.14260249554367202
0.1423487544483986
0.14209591474245115
0.14184397163120568
0.1433628318584071
0.1431095406360424
0.14285714285714285
0.1426056338028169
0.14235500878734622
0.14210526315789473
0.1436077057793345
0.14335664335664336
0.1431064572425829
0.14285714285714285
0.1426086956521739
0.1423611111111111
0.14211438474870017
0.14186851211072665
0.14162348877374784
0.1413793103448276
0.14113597246127366
0.140893470790378
0.14065180102915953
0.1421232876712329
0.14188034188034188
0.1416382252559727
0.141396933560477
0.141156462585034
0.14091680814940577
0.14067796610169492
0.1404399323181049
0.14020270270270271
0.1399662731871838
0.13973063973063973
0.13949579831932774
0.13926174496644295
0.1390284757118928
0.13879598662207357
0.13856427378964942
0.13833333333333334
0.13810316139767054
0.1378737541528239
0.13764510779436154
0.13741721854304637
0.1371900826446281
0.13696369636963696
0.13673805601317957
0.13651315789473684
0.13628899835796388
0.1360655737704918
0.13584288052373159
0.13562091503267973
0.13539967373572595
0.13517915309446255
0.13495934959349593
0.13474025974025974
0.13452188006482982
0.1343042071197411
0.13408723747980614
0.1338709677419355
0.13365539452495975
0.13504823151125403
0.1348314606741573
0.1346153846153846
0.1344
0.134185303514377
0.13556618819776714
0.13535031847133758
0.13513513513513514
0.1349206349206349
0.1347068145800317
0.13449367088607594
0.13428120063191154
0.13406940063091483
0.13385826771653545
0.13364779874213836
0.13343799058084774
0.13322884012539185
0.13302034428794993
0.1328125
0.13260530421216848
0.13239875389408098
0.1321928460342146
0.13198757763975155
0.13333333333333333
0.13312693498452013
0.13292117465224113
0.13271604938271606
0.1325115562403698
0.13230769230769232
0.13210445468509985
0.13190184049079753
0.13169984686064318
0.13149847094801223
0.13129770992366413
0.13109756097560976
0.1308980213089802
0.13069908814589665
0.13050075872534142
0.1303030303030303
0.13010590015128592
0.1299093655589124
0.1297134238310709
0.12951807228915663
0.13082706766917293
0.13063063063063063
0.13043478260869565
0.13023952095808383
0.13004484304932734
0.12985074626865672
0.12965722801788376
0.12946428571428573
0.12927191679049035
0.129080118694362
0.1288888888888889
0.128698224852071
0.12998522895125553
0.12979351032448377
0.12960235640648013
0.12941176470588237
0.12922173274596183
0.12903225806451613
0.12884333821376281
0.1286549707602339
0.12846715328467154
0.1282798833819242
0.12809315866084425
0.12790697674418605
0.12772133526850507
0.12753623188405797
0.1287988422575977
0.12861271676300579
0.12842712842712842
0.1282420749279539
0.12805755395683452
0.1278735632183908
0.12769010043041606
0.12750716332378223
0.12732474964234622
0.12714285714285714
0.12696148359486448
0.1267806267806268
0.12660028449502134
0.1278409090909091
0.1276595744680851
0.1274787535410765
0.1272984441301273
0.1271186440677966
0.12693935119887165
0.1267605633802817
0.12658227848101267
0.12640449438202248
0.12622720897615708
0.12605042016806722
0.1258741258741259
0.12569832402234637
0.12552301255230125
0.12534818941504178
0.12517385257301808
0.125
0.12482662968099861
0.12465373961218837
0.12448132780082988
0.12430939226519337
0.12413793103448276
0.12396694214876033
0.12379642365887207
0.12362637362637363
0.12345679012345678
0.1232876712328767
0.12448700410396717
0.12431693989071038
0.12414733969986358
0.12397820163487738
0.12380952380952381
0.12364130434782608
0.12347354138398914
0.12330623306233063
0.12313937753721245
0.12432432432432433
0.1241565452091768
0.12398921832884097
0.12382234185733512
0.12365591397849462
0.12348993288590604
0.12332439678284182
0.12315930388219545
0.12299465240641712
0.12283044058744993
0.12266666666666666
0.12250332889480692
0.12234042553191489
0.12217795484727756
0.1220159151193634
0.12185430463576159
0.12169312169312169
0.1215323645970938
0.12137203166226913
0.12121212121212122
0.12105263157894737
0.12089356110381078
0.12073490813648294
0.12057667103538663
0.12041884816753927
0.12026143790849673
0.12010443864229765
0.11994784876140809
0.11979166666666667
0.11963589076723016
0.11948051948051948
0.11932555123216602
0.11917098445595854
0.11901681759379043
0.11886304909560723
0.11870967741935484
0.11855670103092783
0.11840411840411841
0.11825192802056556
0.11810012836970475
0.11794871794871795
0.117797695262484
0.11764705882352941
0.11749680715197956
0.11734693877551021
0.11719745222929936
0.11704834605597965
0.1181702668360864
0.11928934010152284
0.11913814955640051
0.1189873417721519
0.11883691529709228
0.11868686868686869
0.11853720050441362
0.11838790931989925
0.11823899371069183
0.11809045226130653
0.11794228356336262
0.11779448621553884
0.11889862327909888
0.11875
0.11860174781523096
0.11845386533665836
0.11830635118306351
0.1181592039800995
0.11801242236024845
0.11786600496277916
0.11771995043370508
0.11757425742574257
0.11742892459826947
0.11728395061728394
0.11713933415536375
0.11699507389162561
0.11685116851168512
0.1167076167076167
0.1165644171779141
0.11764705882352941
0.1175030599755202
0.11735941320293398
0.11721611721611722
0.11707317073170732
0.11693057247259439
0.11678832116788321
0.11786148238153099
0.11771844660194175
0.11757575757575757
0.11743341404358354
0.11729141475211609
0.11714975845410629
0.11700844390832328
0.11686746987951807
0.11672683513838748
0.11658653846153846
0.11644657863145258
0.11630695443645084
0.11616766467065869
0.11602870813397129
0.11708482676224612
0.11694510739856802
0.11680572109654351
0.11666666666666667
0.11652794292508918
0.1163895486935867
0.1162514827995255
0.11611374407582939
0.11597633136094675
0.11583924349881797
0.11570247933884298
0.11674528301886793
0.1166077738515901
0.11647058823529412
0.11633372502937721
0.11619718309859155
0.1160609613130129
0.11592505854800937
0.11578947368421053
0.11565420560747663
0.11551925320886815
0.11538461538461539
0.11525029103608847
0.11511627906976744
0.11498257839721254
0.1148491879350348
0.11471610660486674
0.11458333333333333
0.11445086705202312
0.11431870669745958
0.11418685121107267
0.11405529953917051
0.11392405063291139
0.11379310344827587
0.11366245694603903
0.11353211009174312
0.1134020618556701
0.11327231121281464
0.11428571428571428
0.1141552511415525
0.11402508551881414
0.11389521640091116
0.11376564277588168
0.11363636363636363
0.11350737797956867
0.11337868480725624
0.11325028312570781
0.11312217194570136
0.11299435028248588
0.11286681715575621
0.11273957158962795
0.11261261261261261
0.1124859392575928
0.11235955056179775
0.1122334455667789
0.11210762331838565
0.11198208286674133
0.11185682326621924
0.11173184357541899
0.11160714285714286
0.11148272017837235
0.111358574610245
0.11123470522803114
0.1111111111111111
0.11098779134295228
0.11086474501108648
0.11074197120708748
0.11061946902654868
0.11049723756906077
0.11147902869757174
0.1113561190738699
0.11123348017621146
0.1111111111111111
0.11098901098901098
0.11086717892425905
0.11074561403508772
0.11062431544359255
0.11050328227571116
0.11038251366120219
0.11026200873362445
0.11014176663031625
0.11002178649237472
0.10990206746463548
0.1108695652173913
0.11074918566775244
0.11062906724511931
0.1105092091007584
0.11038961038961038
0.11027027027027027
0.1101511879049676
0.11003236245954692
0.10991379310344827
0.10979547900968784
0.110752688172043
0.11063372717508056
0.11051502145922747
0.11039657020364416
0.11027837259100642
0.11016042780748662
0.11004273504273504
0.10992529348986126
0.10980810234541578
0.10969116080937168
0.10957446808510639
0.10945802337938364
0.11040339702760085
0.1102863202545069
0.11016949152542373
0.11005291005291006
0.10993657505285412
0.10982048574445617
0.10970464135021098
0.1095890410958904
0.10947368421052632
0.10935856992639327
0.1092436974789916
0.10912906610703044
0.1090146750524109
0.10890052356020942
0.1087866108786611
0.10867293625914315
0.10855949895615867
0.10844629822732013
0.10833333333333334
0.10822060353798127
0.10810810810810811
0.10799584631360332
0.1078838174273859
0.1077720207253886
0.10766045548654245
0.10754912099276112
0.10743801652892562
0.10835913312693499
0.10927835051546392
0.10916580844490216
0.10905349794238683
0.10996916752312436
0.11088295687885011
0.11076923076923077
0.11065573770491803
0.1105424769703173
0.1114519427402863
0.11133810010214505
0.11122448979591837
0.1111111111111111
0.1109979633401222
0.11190233977619532
0.11178861788617886
0.1116751269035533
0.11156186612576065
0.11144883485309018
0.11133603238866396
0.11122345803842265
0.1111111111111111
0.11099899091826437
0.11088709677419355
0.1107754279959718
0.11066398390342053
0.11055276381909548
0.11044176706827309
0.11033099297893681
0.11122244488977956
0.1111111111111111
0.111
0.1108891108891109
