0.5
0.3333333333333333
0.5
0.4
0.5
0.5714285714285714
0.5
0.5555555555555556
0.6
0.6363636363636364
0.6666666666666666
0.6923076923076923
0.6428571428571429
0.6
0.5625
0.5294117647058824
0.5555555555555556
0.5263157894736842
0.55
0.5238095238095238
0.5
0.4782608695652174
0.4583333333333333
0.44
0.4230769230769231
0.4074074074074074
0.42857142857142855
0.4482758620689655
0.43333333333333335
0.41935483870967744
0.40625
0.3939393939393939
0.38235294117647056
0.37142857142857144
0.3611111111111111
0.35135135135135137
0.3684210526315789
0.358974358974359
0.35
0.34146341463414637
0.3333333333333333
0.32558139534883723
0.3181818181818182
0.3111111111111111
0.30434782608695654
0.2978723404255319
0.2916666666666667
0.2857142857142857
0.28
0.27450980392156865
0.2692307692307692
0.2641509433962264
0.25925925925925924
0.2545454545454545
0.25
0.24561403508771928
0.2413793103448276
0.23728813559322035
0.23333333333333334
0.2459016393442623
0.25806451612903225
0.25396825396825395
0.25
0.24615384615384617
0.24242424242424243
0.23880597014925373
0.23529411764705882
0.2318840579710145
0.22857142857142856
0.22535211267605634
0.2222222222222222
0.2191780821917808
0.22972972972972974
0.24
0.23684210526315788
0.24675324675324675
0.24358974358974358
0.24050632911392406
0.2375
0.2345679012345679
0.23170731707317074
0.2289156626506024
0.2261904761904762
0.2235294117647059
0.22093023255813954
0.21839080459770116
0.2159090909090909
0.21348314606741572
0.2111111111111111
0.2087912087912088
0.20652173913043478
0.20430107526881722
0.20212765957446807
0.21052631578947367
0.20833333333333334
0.20618556701030927
0.21428571428571427
0.21212121212121213
0.21
0.2079207920792079
0.20588235294117646
0.21359223300970873
0.21153846153846154
0.20952380952380953
0.20754716981132076
0.205607476635514
0.2037037037037037
0.2018348623853211
0.2
0.1981981981981982
0.19642857142857142
0.19469026548672566
0.19298245614035087
0.19130434782608696
0.1896551724137931
0.18803418803418803
0.1864406779661017
0.18487394957983194
0.18333333333333332
0.18181818181818182
0.18032786885245902
0.17886178861788618
0.1774193548387097
0.176
0.1746031746031746
0.1732283464566929
0.171875
0.17054263565891473
0.16923076923076924
0.16793893129770993
0.16666666666666666
0.16541353383458646
0.16417910447761194
0.16296296296296298
0.16176470588235295
0.16058394160583941
0.15942028985507245
0.15827338129496402
0.15714285714285714
0.15602836879432624
0.15492957746478872
0.15384615384615385
0.1527777777777778
0.15862068965517243
0.15753424657534246
0.1564625850340136
0.1554054054054054
0.15436241610738255
0.15333333333333332
0.152317880794702
0.1513157894736842
0.1503267973856209
0.15584415584415584
0.15483870967741936
0.15384615384615385
0.15286624203821655
0.1518987341772152
0.1509433962264151
0.15
0.14906832298136646
0.14814814814814814
0.147239263803681
0.14634146341463414
0.14545454545454545
0.14457831325301204
0.1437125748502994
0.14285714285714285
0.14201183431952663
0.1411764705882353
0.14035087719298245
0.13953488372093023
0.13872832369942195
0.13793103448275862
0.13714285714285715
0.13636363636363635
0.14124293785310735
0.1404494382022472
0.13966480446927373
0.1388888888888889
0.13812154696132597
0.13736263736263737
0.1366120218579235
0.1358695652173913
0.13513513513513514
0.13440860215053763
0.13368983957219252
0.13297872340425532
0.13227513227513227
0.1368421052631579
0.14136125654450263
0.140625
0.13989637305699482
0.13917525773195877
0.13846153846153847
0.1377551020408163
0.13705583756345177
0.13636363636363635
0.135678391959799
0.135
0.13432835820895522
0.13366336633663367
0.1330049261083744
0.1323529411764706
0.13170731707317074
0.13106796116504854
0.13043478260869565
0.12980769230769232
0.1291866028708134
0.12857142857142856
0.13270142180094788
0.1320754716981132
0.13145539906103287
0.1308411214953271
0.13023255813953488
0.12962962962962962
0.12903225806451613
0.12844036697247707
0.1278538812785388
0.12727272727272726
0.12669683257918551
0.13063063063063063
0.13452914798206278
0.13392857142857142
0.13333333333333333
0.13716814159292035
0.13656387665198239
0.13596491228070176
0.13537117903930132
0.13478260869565217
0.1341991341991342
0.1336206896551724
0.13304721030042918
0.13675213675213677
0.13617021276595745
0.13559322033898305
0.1350210970464135
0.13865546218487396
0.13807531380753138
0.1375
0.13692946058091288
0.13636363636363635
0.13580246913580246
0.13524590163934427
0.13877551020408163
0.13821138211382114
0.13765182186234817
0.13709677419354838
0.13654618473895583
0.14
0.1394422310756972
0.1388888888888889
0.1383399209486166
0.1377952755905512
0.13725490196078433
0.13671875
0.13618677042801555
0.13565891472868216
0.138996138996139
0.13846153846153847
0.13793103448275862
0.13740458015267176
0.14068441064638784
0.14015151515151514
0.14339622641509434
0.14285714285714285
0.14232209737827714
0.1417910447761194
0.1412639405204461
0.14074074074074075
0.14022140221402213
0.13970588235294118
0.1391941391941392
0.1386861313868613
0.13818181818181818
0.13768115942028986
0.1371841155234657
0.1366906474820144
0.13620071684587814
0.1357142857142857
0.13523131672597866
0.1347517730496454
0.13780918727915195
0.13732394366197184
0.1368421052631579
0.13636363636363635
0.13588850174216027
0.13541666666666666
0.13494809688581316
0.13448275862068965
0.13402061855670103
0.13356164383561644
0.13310580204778158
0.1326530612244898
0.13220338983050847
0.13175675675675674
0.13131313131313133
0.13087248322147652
0.13043478260869565
0.13
0.132890365448505
0.13245033112582782
0.132013201320132
0.13486842105263158
0.13442622950819672
0.13398692810457516
0.13355048859934854
0.1331168831168831
0.13268608414239483
0.13225806451612904
0.13183279742765272
0.13141025641025642
0.13099041533546327
0.1305732484076433
0.13015873015873017
0.12974683544303797
0.12933753943217666
0.1289308176100629
0.12852664576802508
0.128125
0.1308411214953271
0.13043478260869565
0.13003095975232198
0.12962962962962962
0.12923076923076923
0.12883435582822086
0.12844036697247707
0.12804878048780488
0.1276595744680851
0.12727272727272726
0.1268882175226586
0.12650602409638553
0.12912912912912913
0.1317365269461078
0.13134328358208955
0.13095238095238096
0.13353115727002968
0.13313609467455623
0.13569321533923304
0.13529411764705881
0.1348973607038123
0.13450292397660818
0.13411078717201166
0.13372093023255813
0.13333333333333333
0.1329479768786127
0.13256484149855907
0.13218390804597702
0.1318051575931232
0.13142857142857142
0.13105413105413105
0.13068181818181818
0.13031161473087818
0.12994350282485875
0.1295774647887324
0.12921348314606743
0.12885154061624648
0.12849162011173185
0.12813370473537605
0.12777777777777777
0.12742382271468145
0.1270718232044199
0.12947658402203857
0.13186813186813187
0.13150684931506848
0.13114754098360656
0.1307901907356948
0.13043478260869565
0.13008130081300814
0.12972972972972974
0.1320754716981132
0.13172043010752688
0.13404825737265416
0.13636363636363635
0.136
0.13829787234042554
0.13793103448275862
0.13756613756613756
0.13984168865435356
0.1394736842105263
0.13910761154855644
0.1387434554973822
0.13838120104438642
0.13802083333333334
0.13766233766233765
0.13730569948186527
0.13695090439276486
0.13659793814432988
0.13624678663239073
0.1358974358974359
0.13810741687979539
0.1377551020408163
0.13740458015267176
0.13705583756345177
0.13670886075949368
0.13636363636363635
0.13602015113350127
0.135678391959799
0.13533834586466165
0.135
0.13466334164588528
0.13432835820895522
0.13399503722084366
0.13366336633663367
0.13333333333333333
0.1330049261083744
0.13267813267813267
0.1323529411764706
0.13202933985330073
0.13170731707317074
0.13138686131386862
0.13106796116504854
0.13075060532687652
0.13043478260869565
0.13012048192771083
0.12980769230769232
0.12949640287769784
0.1291866028708134
0.1288782816229117
0.12857142857142856
0.12826603325415678
0.12796208530805686
0.1276595744680851
0.12735849056603774
0.12705882352941175
0.1267605633802817
0.12646370023419204
0.1261682242990654
0.1258741258741259
0.12558139534883722
0.12761020881670534
0.12731481481481483
0.12702078521939955
0.12672811059907835
0.12873563218390804
0.12844036697247707
0.12814645308924486
0.1278538812785388
0.1275626423690205
0.12954545454545455
0.1292517006802721
0.12895927601809956
0.1309255079006772
0.13063063063063063
0.1303370786516854
0.13004484304932734
0.1297539149888143
0.12946428571428573
0.1291759465478842
0.1288888888888889
0.1286031042128603
0.12831858407079647
0.1280353200883002
0.1277533039647577
0.12747252747252746
0.12719298245614036
0.12910284463894967
0.12882096069868995
0.13071895424836602
0.13043478260869565
0.1301518438177874
0.12987012987012986
0.12958963282937366
0.12931034482758622
0.12903225806451613
0.12875536480686695
0.1284796573875803
0.1282051282051282
0.1300639658848614
0.12978723404255318
0.12951167728237792
0.1292372881355932
0.12896405919661733
0.12869198312236288
0.12842105263157894
0.12815126050420167
0.1278825995807128
0.12761506276150628
0.12734864300626306
0.12916666666666668
0.1288981288981289
0.12863070539419086
0.12836438923395446
0.13016528925619836
0.12989690721649486
0.12962962962962962
0.1293634496919918
0.1290983606557377
0.130879345603272
0.1306122448979592
0.13034623217922606
0.13008130081300814
0.12981744421906694
0.12955465587044535
0.1292929292929293
0.12903225806451613
0.12877263581488935
0.1285140562248996
0.1282565130260521
0.128
0.1277445109780439
0.12749003984063745
0.1272365805168986
0.12698412698412698
0.12673267326732673
0.12648221343873517
0.126232741617357
0.12598425196850394
0.12573673870333987
0.12549019607843137
0.12524461839530332
0.125
0.12475633528265107
0.1245136186770428
0.12427184466019417
0.12403100775193798
0.12379110251450677
0.12355212355212356
0.1233140655105973
0.12307692307692308
0.12284069097888675
0.12452107279693486
0.124282982791587
0.12404580152671756
0.12380952380952381
0.12357414448669202
0.12333965844402277
0.12310606060606061
0.12287334593572778
0.12264150943396226
0.1224105461393597
0.12218045112781954
0.12195121951219512
0.12359550561797752
0.1233644859813084
0.12313432835820895
0.12290502793296089
0.12267657992565056
0.12244897959183673
0.12222222222222222
0.12199630314232902
0.12177121771217712
0.12154696132596685
0.1213235294117647
0.12110091743119267
0.12087912087912088
0.1206581352833638
0.12043795620437957
0.12021857923497267
0.12
0.12159709618874773
0.1213768115942029
0.12115732368896925
0.12093862815884476
0.12072072072072072
0.12050359712230216
0.12028725314183124
0.12186379928315412
0.12164579606440072
0.12142857142857143
0.12121212121212122
0.12099644128113879
0.12078152753108348
0.12056737588652482
0.12035398230088495
0.12014134275618374
0.11992945326278659
0.11971830985915492
0.1195079086115993
0.11929824561403508
0.1190893169877408
0.12062937062937062
0.12041884816753927
0.12020905923344948
0.12
0.11979166666666667
0.1195840554592721
0.11937716262975778
0.11917098445595854
0.11896551724137931
0.11876075731497418
0.11855670103092783
0.1183533447684391
0.11815068493150685
0.11794871794871795
0.11945392491467577
0.11925042589437819
0.11904761904761904
0.11884550084889643
0.11864406779661017
0.11844331641285956
0.11824324324324324
0.11804384485666104
0.11784511784511785
0.11764705882352941
0.1174496644295302
0.11725293132328309
0.11705685618729098
0.11686143572621036
0.11666666666666667
0.11647254575707154
0.11627906976744186
0.11608623548922056
0.11589403973509933
0.11570247933884298
0.11551155115511551
0.11532125205930807
0.11513157894736842
0.11658456486042693
0.11639344262295082
0.11620294599018004
0.11601307189542484
0.11582381729200653
0.11563517915309446
0.11544715447154472
0.11688311688311688
0.1166936790923825
0.11650485436893204
0.11631663974151858
0.11612903225806452
0.11594202898550725
0.1157556270096463
0.11556982343499198
0.11538461538461539
0.1152
0.11501597444089456
0.11642743221690591
0.11624203821656051
0.11605723370429252
0.11587301587301588
0.11568938193343899
0.11550632911392406
0.11532385466034756
0.11514195583596215
0.11496062992125984
0.11477987421383648
0.11459968602825746
0.11442006269592477
0.11424100156494522
0.1140625
0.11544461778471139
0.11526479750778816
0.1150855365474339
0.11490683229813664
0.11472868217054263
0.11609907120743033
0.11591962905718702
0.11574074074074074
0.11556240369799692
0.11538461538461539
0.1152073732718894
0.11503067484662577
0.11485451761102604
0.11467889908256881
0.11450381679389313
0.11432926829268293
0.1156773211567732
0.11702127659574468
0.11684370257966616
0.11666666666666667
0.11649016641452345
0.1163141993957704
0.11613876319758673
0.11746987951807229
0.11729323308270677
0.11711711711711711
0.11694152923538231
0.11676646706586827
0.11808669656203288
0.11791044776119403
0.11922503725782414
0.11904761904761904
0.1188707280832095
0.11869436201780416
0.11851851851851852
0.11834319526627218
0.11816838995568685
0.11799410029498525
0.11782032400589101
0.11764705882352941
0.11747430249632893
0.11730205278592376
0.11859443631039532
0.11842105263157894
0.11824817518248175
0.11807580174927114
0.11790393013100436
0.11918604651162791
0.11901306240928883
0.11884057971014493
0.11866859623733719
0.11849710982658959
0.11832611832611832
0.11815561959654179
0.11798561151079137
0.11781609195402298
0.11764705882352941
0.1174785100286533
0.11731044349070101
0.11857142857142858
0.11840228245363767
0.11823361823361823
0.11806543385490754
0.11789772727272728
0.11773049645390071
0.11898016997167139
0.1188118811881188
0.11864406779661017
0.11847672778561354
0.11830985915492957
0.11814345991561181
0.11797752808988764
0.11781206171107994
0.11764705882352941
0.11748251748251748
0.11731843575418995
0.11715481171548117
0.116991643454039
0.1168289290681502
0.11666666666666667
0.11650485436893204
0.11634349030470914
0.11618257261410789
0.11602209944751381
0.11586206896551725
0.11570247933884298
0.1155433287482806
0.11538461538461539
0.11659807956104253
0.11643835616438356
0.11627906976744186
0.11612021857923498
0.11596180081855388
0.11580381471389646
0.11700680272108843
0.11684782608695653
0.11668928086838534
0.11653116531165311
0.11637347767253045
0.11621621621621622
0.11605937921727395
0.11590296495956873
0.11574697173620457
0.11559139784946236
0.11677852348993288
0.11796246648793565
0.11780455153949129
0.11764705882352941
0.11748998664886515
0.11733333333333333
0.11717709720372836
0.11702127659574468
0.11686586985391766
0.11671087533156499
0.11655629139072848
0.1164021164021164
0.11624834874504623
0.11609498680738786
0.11725955204216074
0.11710526315789474
0.11695137976346912
0.1167979002624672
0.11664482306684142
0.11649214659685864
0.11633986928104575
0.11618798955613577
0.11734028683181226
0.1171875
0.11703511053315994
0.11688311688311688
0.11673151750972763
0.11787564766839378
0.11772315653298836
0.11757105943152454
0.11870967741935484
0.11855670103092783
0.11840411840411841
0.11825192802056556
0.11810012836970475
0.11794871794871795
0.117797695262484
0.11764705882352941
0.11877394636015326
0.11862244897959184
0.11847133757961784
0.1183206106870229
0.1181702668360864
0.11802030456852793
0.11787072243346007
0.11772151898734177
0.11757269279393173
0.11742424242424243
0.11727616645649433
0.11712846347607053
0.1169811320754717
0.11683417085427136
0.11668757841907151
0.11654135338345864
0.11764705882352941
0.1175
0.11735330836454431
0.1172069825436409
0.11706102117061021
0.11691542288557213
0.11801242236024845
0.11786600496277916
0.11771995043370508
0.11757425742574257
0.11742892459826947
0.11728395061728394
0.11713933415536375
0.11699507389162561
0.11685116851168512
0.1167076167076167
0.1165644171779141
0.11642156862745098
0.11627906976744186
0.11613691931540342
0.115995115995116
0.11707317073170732
0.11693057247259439
0.11678832116788321
0.11786148238153099
0.11771844660194175
0.11757575757575757
0.11743341404358354
0.11729141475211609
0.11714975845410629
0.11700844390832328
0.11686746987951807
0.11672683513838748
0.11658653846153846
0.11644657863145258
0.11630695443645084
0.11616766467065869
0.11602870813397129
0.11589008363201912
0.11694510739856802
0.11799761620977355
0.11785714285714285
0.11890606420927467
0.1187648456057007
0.11862396204033215
0.11848341232227488
0.11834319526627218
0.1182033096926714
0.1180637544273908
0.1179245283018868
0.11778563015312132
0.11764705882352941
0.11750881316098707
0.11737089201877934
0.11723329425556858
0.117096018735363
0.11695906432748537
0.11682242990654206
0.11668611435239207
0.11655011655011654
0.11641443538998836
0.11627906976744186
0.11614401858304298
0.11600928074245939
0.11587485515643106
0.11574074074074074
0.11560693641618497
0.11547344110854503
0.11534025374855825
0.1152073732718894
0.11507479861910241
0.11494252873563218
0.1148105625717566
0.11467889908256881
0.1156930126002291
0.11556064073226545
0.11542857142857142
0.11529680365296803
0.11516533637400228
0.11503416856492027
0.1149032992036405
0.11477272727272728
0.11464245175936436
0.1145124716553288
0.1143827859569649
0.11425339366515837
0.11412429378531073
0.11399548532731377
0.11499436302142052
0.11486486486486487
0.11473565804274466
0.1146067415730337
0.11447811447811448
0.11434977578475336
0.11422172452407615
0.11409395973154363
0.11396648044692738
0.11383928571428571
0.11371237458193979
0.11358574610244988
0.11345939933259176
0.11333333333333333
0.11431742508324085
0.11419068736141907
0.11517165005537099
0.11504424778761062
0.11491712707182321
0.11479028697571744
0.11466372657111357
0.1145374449339207
0.11441144114411442
0.11428571428571428
0.1141602634467618
0.11403508771929824
0.11391018619934283
0.1137855579868709
0.11366120218579236
0.11353711790393013
0.1134133042529989
0.11328976034858387
0.11316648531011969
0.11304347826086956
0.11292073832790445
0.11279826464208242
0.11267605633802817
0.11255411255411256
0.11243243243243244
0.11339092872570194
0.11326860841423948
0.11314655172413793
0.11302475780409042
0.11290322580645161
0.11278195488721804
0.11266094420600858
0.11254019292604502
0.11241970021413276
0.11229946524064172
0.11217948717948718
0.11205976520811099
0.11194029850746269
0.11182108626198083
0.11170212765957446
0.11158342189160468
0.11146496815286625
0.11134676564156946
0.11122881355932203
0.1111111111111111
0.1109936575052854
0.11087645195353749
0.11075949367088607
0.11064278187565858
0.11157894736842106
0.11146161934805468
0.11134453781512606
0.11122770199370409
0.1111111111111111
0.11099476439790576
0.1108786610878661
0.11076280041797283
0.11064718162839249
0.1105318039624609
0.11041666666666666
0.11030176899063475
0.1101871101871102
0.11007268951194185
0.10995850622406639
0.10984455958549223
0.10973084886128365
0.10961737331954498
0.10950413223140495
0.10939112487100103
0.10927835051546392
0.10916580844490216
0.11008230452674897
0.10996916752312436
0.11088295687885011
0.11076923076923077
0.11168032786885246
0.11258955987717502
0.11247443762781185
0.11235955056179775
0.11224489795918367
0.11213047910295616
0.1120162932790224
0.11190233977619532
0.11178861788617886
0.1116751269035533
0.11156186612576065
0.11144883485309018
0.11133603238866396
0.1122345803842265
0.11212121212121212
0.11200807265388496
0.11290322580645161
0.11278952668680765
0.11267605633802817
0.11256281407035176
0.11244979919678715
0.1123370110330993
0.11222444889779559
0.11311311311311312
0.113
0.11288711288711288
